-119.835592357 0.916862945123 119.835592357 0.86969523241
-119.711824724 1.53998230299 119.711824724 1.49326873275
-119.593821147 2.17046774095 119.593821147 2.12210975115
-119.478312337 2.73131094643 119.478312337 2.68332754703
-119.364172167 3.32797110096 119.364172167 3.27879133702
-119.251036842 3.91468158026 119.251036842 3.8644939742
-119.138009965 4.44557263757 119.138009965 4.39572365247
-119.025617716 5.01967232462 119.025617716 4.9689492628
-118.91306253 5.53964809246 118.91306253 5.48921976905
-118.800848913 6.1055062043 118.800848913 6.05429356335
-118.688391086 6.61770298047 118.688391086 6.56675674265
-118.576076639 7.17770098916 118.576076639 7.12603540073
-118.463532745 7.68389970742 118.463532745 7.63248190918
-118.350955695 8.23953701072 118.350955695 8.18744826069
-118.238250159 8.74075663605 118.238250159 8.68891010779
-118.125288765 9.29315450337 118.125288765 9.24066734662
-118.012388065 9.84314677563 118.012388065 9.79006476042
-117.898957608 10.3400431661 117.898957608 10.2871786013
-117.785664922 10.8874284946 117.785664922 10.8339977857
-117.671891449 11.3812824328 117.671891449 11.3280586403
-117.558177228 11.9265099412 117.558177228 11.872744211
-117.444047284 12.4176881766 117.444047284 12.3641212788
-117.329890156 12.9611165076 117.329890156 12.9070280325
-117.215403546 13.4498779028 117.215403546 13.3959829478
-117.100784047 13.9918171662 117.100784047 13.9374170298
-116.985959879 14.4782954339 116.985959879 14.4240900743
-116.870848921 15.0190694777 116.870848921 14.9643677493
-116.755755859 15.5583108785 116.755755859 15.5031404306
-116.640080858 16.0432501051 116.640080858 15.9882559895
-116.524547882 16.5813334199 116.524547882 16.5258840605
-116.408481855 17.0646664437 116.408481855 17.0093884218
-116.292508328 17.6017331665 116.292508328 17.5460119393
-116.176055693 18.0835824547 116.176055693 18.0280284036
-116.059641866 18.6197550935 116.059641866 18.563768561
-115.942809598 19.1002175906 115.942809598 19.0443949379
-115.825955534 19.6356070057 115.825955534 19.5793612933
-115.708751949 20.1147614934 115.708751949 20.0586774183
-115.591457065 20.6494707631 115.591457065 20.5929716039
-115.473895942 21.1273617896 115.473895942 21.0710238627
-115.356156125 21.6615007454 115.356156125 21.6047535161
-115.238259864 22.1381254239 115.238259864 22.0815444624
-115.120062196 22.6718353167 115.120062196 22.6148450745
-115.001915331 23.2042801916 115.001915331 23.1469043596
-114.883185712 23.6805944007 114.883185712 23.6233659142
-114.764635483 24.2124859694 114.764635483 24.1548789392
-114.645535952 24.6878899383 114.645535952 24.63042771
-114.526587289 25.2192754389 114.526587289 25.1614412084
-114.407123769 25.6938162161 114.407123769 25.6361245126
-114.287781389 26.2247389696 114.287781389 26.1666813345
-114.16795972 26.6984590134 114.16795972 26.6405418888
-114.048228243 27.2289584316 114.048228243 27.1706810021
-113.928053485 27.7018989517 113.928053485 27.64376026
-113.807937687 28.2320098715 113.807937687 28.1735160879
-113.687415552 28.7042054651 113.687415552 28.6458488915
-113.566919966 29.2339603485 113.566919966 29.1752534894
-113.446055195 29.7054460077 113.446055195 29.6468750674
-113.325184573 30.2348732229 113.325184573 30.1759564191
-113.203983511 30.7056742029 113.203983511 30.6468923086
-113.082741906 31.2348023791 113.082741906 31.1756786202
-112.961208851 31.7049493758 112.961208851 31.6459597856
-112.839600901 32.2338020112 112.839600901 32.1744741584
-112.717740983 32.7033196584 112.717740983 32.6441255512
-112.595771 33.2319193626 112.595771 33.1723901545
-112.473589087 33.7008309597 112.473589087 33.6414354433
-112.351261344 34.2291983952 112.351261344 34.1694704559
-112.228763362 34.6975206705 112.228763362 34.6379269089
-112.106081385 35.2256778151 112.106081385 35.1657536618
-111.983270264 35.6934377994 111.983270264 35.6336487728
-111.860239069 36.2213983906 111.860239069 36.16128044
-111.737120368 36.6886103826 111.737120368 36.6286293622
-111.613743547 37.2163927161 111.613743547 37.1560832901
-111.490320678 37.6830781839 111.490320678 37.6229084106
-111.366602914 38.210694353 111.366602914 38.1501956847
-111.242878407 38.6768768306 111.242878407 38.6165215174
-111.11882517 39.2043342097 111.11882517 39.1436484482
-110.994802774 39.6700307109 110.994802774 39.6094936281
-110.870418737 40.1973388843 110.870418737 40.1364681006
-110.746097877 40.6625830604 110.746097877 40.6018664423
-110.621391061 41.1897362081 110.621391061 41.1286823989
-110.49677189 41.6545573942 110.49677189 41.5936625946
-110.371750152 42.1815494769 110.371750152 42.12031457
-110.246827028 42.6459998612 110.246827028 42.5849229074
-110.121503066 43.1728034483 110.121503066 43.1113893053
-109.996273608 43.6369203048 109.996273608 43.575658905
-109.870657455 44.1635185333 109.870657455 44.1019269549
-109.745117533 44.6273450048 109.745117533 44.5658979015
-109.61922003 45.1537168214 109.61922003 45.0919495498
-109.493373468 45.6172620731 109.493373468 45.5556327545
-109.367198707 46.143414067 109.367198707 46.081472791
-109.241044764 46.6067049557 109.241044764 46.5448954083
-109.114599654 47.132631005 109.114599654 47.0705173613
-108.98813942 47.5956858164 108.98813942 47.5336986192
-108.861429221 48.1213859572 108.861429221 48.0591015337
-108.734668074 48.5842048725 108.734668074 48.5220429389
-108.607694856 49.1096916989 108.607694856 49.0472380378
-108.480634427 49.5722892359 108.480634427 49.509954649
-108.353402301 50.0975660547 108.353402301 50.0349446548
-108.226046261 50.559947845 108.226046261 50.4974426891
-108.098558048 51.0850226435 108.098558048 51.0222349619
-107.970909908 51.5471943598 107.970909908 51.4845205228
-107.843168316 52.0720749069 107.843168316 52.0091223615
-107.715231497 52.5340420005 107.715231497 52.4712012255
-107.587239159 53.0587357358 107.587239159 52.9956197068
-107.459018047 53.5204994251 107.459018047 53.4574933787
-107.330777036 54.0450154889 107.330777036 53.9817373199
-107.202273651 54.5065855869 107.202273651 54.443415771
-107.07378698 55.0309286541 107.07378698 54.9674896562
-106.945004595 55.4923096065 106.945004595 55.4289774918
-106.816274756 56.0164859717 106.816274756 55.9528874222
-106.687216496 56.4776823394 106.687216496 56.4141893344
-106.558245909 57.0016980585 106.558245909 56.9379412033
-106.428914812 57.4627142982 106.428914812 57.3990617574
-106.29970585 57.9865751325 106.29970585 57.9226611873
-106.170105655 58.447412704 106.170105655 58.3836019419
-106.040660377 58.9711252284 106.040660377 58.9070553781
-105.910793803 59.4317890271 105.910793803 59.3678213043
-105.781114499 59.9553584095 105.781114499 59.8911338126
-105.650983561 60.4158554665 105.650983561 60.3517320009
-105.521072725 60.9392856379 105.521072725 60.8749074285
-105.390681622 61.3996146705 105.390681622 61.3353366563
-105.260541097 61.9229117856 105.260541097 61.8583810661
-105.129891612 62.3830799927 105.129891612 62.3186485816
-104.999507114 62.8416323704 104.999507114 62.7774711343
-104.86861913 63.3662566922 104.86861913 63.3016730088
-104.73785771 63.8251422286 104.73785771 63.7606742131
-104.606868603 64.3491537294 104.606868603 64.2844188684
-104.47581238 64.8080561881 104.47581238 64.7434286287
-104.344644555 65.3317789862 104.344644555 65.2668940153
-104.213311697 65.7906393085 104.213311697 65.7258578173
-104.08195203 66.3141379234 104.08195203 66.249103884
-103.950351714 66.7729325335 103.950351714 66.7079995439
-103.818795201 67.2962385571 103.818795201 67.231056467
-103.686933992 67.7549540554 103.686933992 67.6898712349
-103.555178312 68.2780880023 103.555178312 68.2127588565
-103.423062212 68.7367132988 103.423062212 68.6714820147
-103.29110609 69.2596911882 103.29110609 69.1942159581
-103.158739227 69.7182220899 103.158739227 69.6528435361
-103.026582493 70.2410552497 103.026582493 70.1754348869
-102.893969269 70.6994865294 102.893969269 70.6339618113
-102.76161202 71.2221849315 102.76161202 71.1564203658
-102.628755613 71.6805156823 102.628755613 71.6148458371
-102.496104363 72.1375503866 102.496104363 72.0720146703
-102.363102515 72.6613145154 102.363102515 72.5955005355
-102.230126438 73.1185824396 102.230126438 73.0528738906
-102.097013341 73.6418907272 102.097013341 73.5759335674
-101.963762109 74.0992077315 101.963762109 74.0333504459
-101.830492253 74.6222487083 101.830492253 74.556149293
-101.696982683 75.0795600136 101.696982683 75.0135576728
-101.563543163 75.6023933858 101.563543163 75.5361526124
-101.42978421 76.0596746068 101.42978421 75.9935290572
-101.296169346 76.5823314416 101.296169346 76.5159501855
-101.162167418 77.0395679705 101.162167418 76.9732805476
-101.028374223 77.562068568 101.028374223 77.4955476846
-100.894135785 78.0192459803 100.894135785 77.9528178078
-100.760162231 78.5416066799 100.760162231 78.4749470009
-100.625690397 78.9987225538 100.625690397 78.9321546265
-100.491392553 79.4547149718 100.491392553 79.3882615638
-100.356835564 79.9779995227 100.356835564 79.9112927705
-100.222238641 80.4341950064 100.222238641 80.3675879179
-100.087573662 80.9570852958 100.087573662 80.8902405987
-99.9527161639 81.4133444447 99.9527161639 81.346595223
-99.817908138 81.9359840396 99.817908138 81.8690022414
-99.6828055805 82.3922566474 99.6828055805 82.3253680589
-99.5478422813 82.914700199 99.5478422813 82.8475821146
-99.4125032151 83.370962564 99.4125032151 83.3039361416
-99.2773788068 83.8932397901 99.2773788068 83.8259862127
-99.1418101223 84.3494747469 99.1418101223 84.2823116462
-99.0065211167 84.8716061474 99.0065211167 84.8042178482
-98.8707281111 85.3278025173 98.8707281111 85.2605037185
-98.7350807507 85.7830209559 98.7350807507 85.7158265867
-98.5992588588 86.3059550793 98.5992588588 86.2385214684
-98.4633336099 86.7613479914 98.4633336099 86.6940098731
-98.3274052269 87.2839370673 98.3274052269 87.2163694733
-98.1912322355 87.7393979065 98.1912322355 87.6719225669
-98.0551699853 88.2617531829 98.0551699853 88.1940523938
-97.9187631376 88.7172377119 97.9187631376 88.6496272952
-97.782555933 89.2394077349 97.782555933 89.1715745083
-97.6459239218 89.6948914423 97.6459239218 89.627147259
-97.5095658844 90.2169046977 97.5095658844 90.1489397668
-97.3727149884 90.6723721419 97.3727149884 90.6044952105
-97.2360166982 91.1268642436 97.2360166982 91.0590911582
-97.099137167 91.6496906352 97.099137167 91.5816818382
-96.9621608457 92.1043975302 96.9621608457 92.0364825472
-96.8251927338 92.6268522641 96.8251927338 92.5587124089
-96.6879735041 93.0816488425 96.6879735041 93.0135995092
-96.5508839859 93.6038620506 96.5508839859 93.5355918954
-96.4134369751 94.0586992116 96.4134369751 93.9905177202
-96.2762133219 94.5807243933 96.2762133219 94.5123246616
-96.1385477162 95.0355754276 96.1385477162 94.9672630642
-96.0011832021 95.5574432228 96.0011832021 95.4889146119
-95.8633055075 96.0122914201 95.8633055075 95.9438491663
-95.725547406 96.4663122716 95.725547406 96.3979663025
-95.5877107485 96.9888582355 95.5877107485 96.9202869348
-95.4496984633 97.4430404457 95.4496984633 97.3745597918
-95.3117659304 97.9652793944 95.3117659304 97.8965798129
-95.1735237762 98.4195392601 95.1735237762 98.3509278688
-95.0354727844 98.9415607924 95.0354727844 98.872733648
-94.8970123719 99.39586207 94.8970123719 99.3271215819
-94.7588328168 99.9177086529 94.7588328168 99.8487546322
-94.6201623973 100.372027858 94.6201623973 100.303159369
-94.4816332826 100.825459461 94.4816332826 100.756689297
-94.3429745592 101.348046096 94.3429745592 101.279050487
-94.2041813066 101.801702997 94.2041813066 101.732797647
-94.065448958 102.323927753 94.065448958 102.254805796
-93.9264263011 102.77768768 93.9264263011 102.708653148
-93.7875878401 103.299676152 93.7875878401 103.230428559
-93.6483495849 103.753494616 93.6483495849 103.684332795
-93.5093922262 104.275298432 93.5093922262 104.205925875
-93.3699475925 104.729148199 93.3699475925 104.659860244
-93.2306428587 105.182133688 93.2306428587 105.112942638
-93.0912202455 105.704659927 93.0912202455 105.635246728
-92.9516551031 106.157881788 92.9516551031 106.08855764
-92.8121671622 106.680041675 92.8121671622 106.610503999
-92.6723771524 107.133375118 92.6723771524 107.063923742
-92.5327902468 107.655297226 92.5327902468 107.585635769
-92.3927894294 108.10869682 92.3927894294 108.039120061
-92.2530902462 108.630433916 92.2530902462 108.560649335
-92.1128886228 109.083869714 92.1128886228 109.014168695
-91.9728051243 109.536536833 91.9728051243 109.46692852
-91.832672701 110.058911136 91.832672701 109.989086719
-91.6923453358 110.511777222 91.6923453358 110.442040018
-91.5521427973 111.033827122 91.5521427973 110.963880048
-91.4115987609 111.486798555 91.4115987609 111.416936388
-91.2712996357 112.008624802 91.2712996357 111.938555746
-91.1305514654 112.461661762 91.1305514654 112.39167619
-90.9899837995 112.913716363 90.9899837995 112.843834963
-90.8492008838 113.436386079 90.8492008838 113.366278115
-90.7083495589 113.888802483 90.7083495589 113.818783154
-90.5675458245 114.410985266 90.5675458245 114.340755718
-90.4264694446 114.863554374 90.4264694446 114.793410024
-90.285587088 115.385465916 90.285587088 115.315115484
-90.1443040296 115.838126568 90.1443040296 115.767859549
-90.0033247216 116.359836669 90.0033247216 116.289366
-89.8618459618 116.812555009 89.8618459618 116.742166549
-89.7204836411 117.264537887 89.7204836411 117.194240188
-89.5790934891 117.786855238 89.5790934891 117.716346224
-89.437493828 118.239051223 89.437493828 118.16862772
-89.2960458138 118.761038899 89.2960458138 118.690410067
-89.1542360768 119.213354421 89.1542360768 119.142808894
-89.012702697 119.735115161 89.012702697 119.664367174
-88.8706974661 120.187503547 88.8706974661 120.116837502
-88.7288319356 120.639084409 88.7288319356 120.568511814
-88.5868739974 121.161521848 88.5868739974 121.090736256
-88.444757717 121.613379388 88.444757717 121.542679503
-88.3027633736 122.135425644 88.3027633736 122.064521277
-88.160435191 122.587424518 88.160435191 122.516603262
-88.0183656973 123.109222675 88.0183656973 123.038200209
-87.8758426242 123.561307494 87.8758426242 123.490366647
-87.7334746636 124.012540304 87.7334746636 123.941695177
-87.5909734676 124.535060034 87.5909734676 124.464000642
-87.4483458473 124.986616092 87.4483458473 124.91564234
-87.3058255996 125.508697618 87.3058255996 125.437520482
-87.1629866243 125.960407874 87.1629866243 125.889313531
-87.0203990731 126.482228051 87.0203990731 126.410933851
-86.8773656797 126.934036974 86.8773656797 126.862823999
-86.7344926491 127.384985645 86.7344926491 127.313868824
-86.5914766447 127.907534187 86.5914766447 127.836203679
-86.4483420966 128.358826426 86.4483420966 128.287581145
-86.3053165616 128.88091759 86.3053165616 128.809470362
-86.161971554 129.332374608 86.161971554 129.261009699
-86.0188845592 129.854197628 86.0188845592 129.782634368
-85.8753485771 130.305755387 85.8753485771 130.234272874
-85.7319632096 130.75649758 85.7319632096 130.685108934
-85.588463862 131.279009134 85.588463862 131.207410118
-85.444825256 131.730078064 85.444825256 131.65856348
-85.3013153776 132.252150433 85.3013153776 132.180435726
-85.1574706323 132.703382268 85.1574706323 132.631749264
-85.0139018704 133.225190737 85.0139018704 133.153361023
-84.8698697818 133.676524081 84.8698697818 133.60477456
-84.7259722041 134.127108618 84.7259722041 134.055449635
-84.5820143367 134.649540319 84.5820143367 134.577675345
-84.4378769353 135.100416207 84.4378769353 135.028634643
-84.2939012907 135.622448417 84.2939012907 135.550468786
-84.1495637023 136.073479245 84.1495637023 136.001580605
-84.0055295423 136.595258927 84.0055295423 136.52316531
-83.8610090284 137.046388927 83.8610090284 136.974374899
-83.7166021377 137.496852385 83.7166021377 137.424925652
-83.5722054651 138.019178332 83.5722054651 137.947049917
-83.4275744794 138.469889515 83.4275744794 138.397843368
-83.2831502312 138.991863742 83.2831502312 138.919621706
-83.1383262628 139.442717235 83.1383262628 139.370555416
-82.9937150204 139.892560423 82.9937150204 139.820508597
-82.8488404852 140.415402852 82.8488404852 140.343126798
-82.7039313749 140.865765073 82.7039313749 140.793573646
-82.55911095 141.38797458 82.55911095 141.315585216
-82.4139937887 141.838540214 82.4139937887 141.766231982
-82.2691358353 142.360445277 82.2691358353 142.28794333
-82.1238339147 142.811137142 82.1238339147 142.738714621
-81.978676022 143.261070856 81.978676022 143.188739267
-81.833439445 143.783605563 81.833439445 143.711069963
-81.6880389808 144.233872195 81.6880389808 144.161419171
-81.5428058346 144.755967457 81.5428058346 144.683319624
-81.3972103452 145.206403834 81.3972103452 145.133836065
-81.2519317389 145.728233717 81.2519317389 145.655474341
-81.1061589797 146.178782475 81.1061589797 146.106101747
-80.9604911992 146.628717294 80.9604911992 146.556121811
-80.8148770304 147.151041896 80.8148770304 147.078249235
-80.6689965516 147.601215925 80.6689965516 147.528504223
-80.5233607406 148.123201029 80.5233607406 148.050297209
-80.377296245 148.573518377 80.377296245 148.500693646
-80.231384655 149.023060852 80.231384655 148.950328044
-80.0853738551 149.545688295 80.0853738551 149.472751874
-79.9392162139 149.995594726 79.9392162139 149.922740564
-79.7932242202 150.517749625 79.7932242202 150.444702404
-79.6468740129 150.967836665 79.6468740129 150.894869085
-79.5008451285 151.489715916 79.5008451285 151.416558606
-79.3543205154 151.939924797 79.3543205154 151.866845688
-79.2078984037 152.389541549 79.2078984037 152.316546866
-79.0615478167 152.911892811 79.0615478167 152.838703231
-78.9149175351 153.361751568 78.9149175351 153.288642341
-78.7685507989 153.883763708 78.7685507989 153.810464446
-78.6217416893 154.333767041 78.6217416893 154.260546331
-78.4750685104 154.78306832 78.4750685104 154.709936174
-78.3283539571 155.305652673 78.3283539571 155.232321791
-78.1814506434 155.755280079 78.1814506434 155.682030487
-78.0347490005 156.277432606 78.0347490005 156.203992434
-77.8876598587 156.727235924 77.8876598587 156.653874716
-77.7407687154 157.176126602 77.7407687154 157.102867304
-77.593667303 157.699042789 77.593667303 157.625571668
-77.446498064 158.148435201 77.446498064 158.075046665
-77.2994637994 158.670737828 77.2994637994 158.597157803
-77.1520995588 159.120344956 77.1520995588 159.046844376
-77.0050455568 159.642339291 77.0050455568 159.568651132
-76.8575105175 160.092082247 76.8575105175 160.018471969
-76.7100821004 160.541236689 76.7100821004 160.467710831
-76.5627175004 161.063698997 76.5627175004 160.989980193
-76.4150830956 161.513113437 76.4150830956 161.439474638
-76.2677159532 162.035216273 76.2677159532 161.961389778
-76.119906686 162.484787544 76.119906686 162.411039205
-75.9722278551 162.933693963 75.9722278551 162.86003289
-75.8245336514 163.45633098 75.8245336514 163.382474488
-75.676632637 163.90556053 75.676632637 163.831784679
-75.5289577895 164.427770414 75.5289577895 164.353806686
-75.3808783588 164.877176221 75.3808783588 164.803290936
-75.2329621659 165.325809531 75.2329621659 165.252016751
-75.0849355942 165.848648621 75.0849355942 165.774655554
-74.9367730027 166.297696263 74.9367730027 166.22378458
-74.7887954294 166.820013412 74.7887954294 166.745913571
-74.6404493769 167.269261619 74.6404493769 167.195240528
-74.4923117881 167.717585787 74.4923117881 167.643669623
-74.3439456268 168.240669927 74.3439456268 168.166541432
-74.1955254111 168.689541967 74.1955254111 168.615495685
-74.0472509736 169.211963532 74.0472509736 169.137728738
-73.898641738 169.661062217 73.898641738 169.586906482
-73.7503603389 170.183164715 73.7503603389 170.108824446
-73.6015874506 170.632407971 73.6015874506 170.558145221
-73.4529127493 171.081113451 73.4529127493 171.006933822
-73.3043477776 171.603635052 73.3043477776 171.5292665
-73.1554793599 172.052590545 73.1554793599 171.978301364
-73.0069175964 172.57476609 73.0069175964 172.500292604
-72.8578839674 173.02387859 72.8578839674 172.949482802
-72.708957366 173.472428413 72.708957366 173.398116681
-72.5601089614 173.995043112 72.5601089614 173.920542043
-72.4109842548 174.443865277 72.4109842548 174.369443875
-72.26214894 174.966107935 72.26214894 174.891502497
-72.1128577657 175.415098557 72.1128577657 175.340570989
-71.9636839789 175.863496753 71.9636839789 175.789054239
-71.8145586887 176.386199789 71.8145586887 176.311567488
-71.6651800648 176.83490033 71.6651800648 176.760347971
-71.5160782362 177.357203569 71.5160782362 177.282467497
-71.3665333124 177.80607947 71.3665333124 177.731421432
-71.2171119744 178.254346977 71.2171119744 178.179774815
-71.0677191816 178.777123827 71.0677191816 178.702361645
-70.9180901396 179.225710899 70.9180901396 179.151028896
-70.7687289571 179.74806798 70.7687289571 179.673202653
-70.6189340145 180.196836663 70.6189340145 180.122049526
-70.4692683913 180.644982717 70.4692683913 180.57028217
-70.3196160281 181.167824286 70.3196160281 181.092933631
-70.1697395234 181.616308093 70.1697395234 181.541497823
-70.0201261697 182.138712462 70.0201261697 182.063719325
-69.8700847894 182.587382139 69.8700847894 182.512467341
-69.7201745736 183.035428 69.7201745736 182.960600169
-69.5702727823 183.558317736 69.5702727823 183.483300093
-69.4201519845 184.006707947 69.4201519845 183.93177085
-69.2702939392 184.529152299 69.2702939392 184.454032874
-69.1200089833 184.977733597 69.1200089833 184.902692654
-68.9698554368 185.425695568 68.9698554368 185.350741648
-68.8197140238 185.948618463 68.8197140238 185.873475396
-68.6693520515 186.396925202 68.6693520515 186.3218628
-68.5192569011 186.919402187 68.5192569011 186.844158079
-68.3687328777 187.36790097 68.3687328777 187.292735484
-68.2183369635 187.815796694 68.2183369635 187.740717994
-68.0679655808 188.338738663 68.0679655808 188.263471827
-67.9173655549 188.786972398 67.9173655549 188.71178631
-67.767040888 189.309475028 67.767040888 189.234107937
-67.616280772 189.757902214 67.616280772 189.682613882
-67.4656443209 190.205746692 67.4656443209 190.130544682
-67.3150525036 190.728694455 67.3150525036 190.653305602
-67.1642178115 191.176865148 67.1642178115 191.101557097
-67.0136712837 191.699386602 67.0136712837 191.623898328
-66.8626798197 192.147748071 66.8626798197 192.072338698
-66.7118063232 192.595551324 66.7118063232 192.52022774
-66.5610022546 193.118496759 66.5610022546 193.042987746
-66.4099362926 193.566614833 66.4099362926 193.491186668
-66.2591754006 194.0891493 66.2591754006 194.013541753
-66.1079566341 194.537453556 66.1079566341 194.461925061
-65.9568476151 194.985232348 65.9568476151 194.909789021
-65.8058405023 195.508164203 65.8058405023 195.432537011
-65.6545482096 195.956235639 65.6545482096 195.880689341
-65.5035802345 196.478778551 65.5035802345 196.403053759
-65.3521384114 196.927033993 65.3521384114 196.851388422
-65.2008001234 197.374790293 65.2008001234 197.299229377
-65.0495967171 197.897706393 65.0495967171 197.821963122
-64.8980819653 198.345741192 64.8980819653 198.270078879
-64.7468236275 198.792762116 64.7468236275 198.717230059
-64.5952546161 199.316500888 64.5952546161 199.240740424
-64.4436909709 199.76424486 64.4436909709 199.688568602
-64.2922989332 200.287140395 64.2922989332 200.211283287
-64.1405661736 200.735147275 64.1405661736 200.659371213
-63.9890326495 201.182342396 63.9890326495 201.106667687
-63.8373341814 201.705870278 63.8373341814 201.629997247
-63.6855497623 202.153610549 63.6855497623 202.077821371
-63.5339764606 202.67648234 63.5339764606 202.600513784
-63.3820322205 203.124464332 63.3820322205 203.048576952
-63.2302513327 203.571762124 63.2302513327 203.495968405
-63.0784072994 204.095157892 63.0784072994 204.01917478
-62.9264083703 204.542898495 62.9264083703 204.466999006
-62.7746605712 205.065746126 62.7746605712 204.989668667
-62.6225098255 205.513711844 62.6225098255 205.437715737
-62.4704977356 205.961082554 62.4704977356 205.88517657
-62.3185053819 206.484379336 62.3185053819 206.408288793
-62.1662984308 206.932124498 62.1662984308 206.856117468
-62.014382914 207.454948246 62.014382914 207.378764598
-61.862031811 207.902903568 61.862031811 207.826801504
-61.709800393 208.350333369 61.709800393 208.274319499
-61.5576612453 208.873550188 61.5576612453 208.797355042
-61.4052530146 209.321304308 61.4052530146 209.245192683
-61.2531766277 209.84410503 61.2531766277 209.767818089
-61.1006316098 210.292055886 61.1006316098 210.215850821
-60.9481911402 210.739537616 60.9481911402 210.663419649
-60.7959087196 211.262687418 60.7959087196 211.186390688
-60.6433062471 211.710455013 60.6433062471 211.634241921
-60.4909172638 212.157392995 60.4909172638 212.081286975
-60.3383438199 212.681186304 60.3383438199 212.604881393
-60.1857049748 213.128712988 60.1857049748 213.052494603
-60.0332835332 213.651807116 60.0332835332 213.575412019
-59.8804948811 214.099590742 59.8804948811 214.023279514
-59.7278682441 214.546725356 59.7278682441 214.470509449
-59.575205992 215.070308786 59.575205992 214.993907393
-59.4223765393 215.517884083 59.4223765393 215.441568967
-59.2698220529 216.040928931 59.2698220529 215.964438905
-59.1168548514 216.488733613 59.1168548514 216.412327785
-58.9640194271 216.935997237 58.9640194271 216.859683032
-58.8112544195 217.459446273 58.8112544195 217.382951986
-58.658244501 217.907067741 58.658244501 217.830659747
-58.505562875 218.430071069 58.505562875 218.353489776
-58.3524249301 218.877902631 58.3524249301 218.80140597
-58.1993979378 219.325269141 58.1993979378 219.248862522
-58.0465284142 219.848618521 58.0465284142 219.772035166
-57.8933480083 220.296285775 57.8933480083 220.219788932
-57.740383801 220.743141466 57.740383801 220.666754021
-57.587246109 221.267116336 57.587246109 221.190532849
-57.4340421282 221.714570563 57.4340421282 221.638076492
-57.2810700632 222.237843465 57.2810700632 222.161175118
-57.1277281393 222.685560827 57.1277281393 222.60897938
-56.9745438876 223.132671197 56.9745438876 223.056186799
-56.8213598821 223.656398523 56.8213598821 223.579732477
-56.6679919307 224.103932321 56.6679919307 224.027355585
-56.5149218945 224.627144372 56.5149218945 224.550395379
-56.3614285731 225.074914256 56.3614285731 224.998252702
-56.2080633015 225.52218367 56.2080633015 225.445616067
-56.0548119799 226.045767369 56.0548119799 225.969023304
-55.90129193 226.493378283 55.90129193 226.416723769
-55.7480605848 226.939953792 55.7480605848 226.863458441
-55.5944954262 227.464367978 55.5944954262 227.387631087
-55.4409686292 227.911768858 55.4409686292 227.835124846
-55.287647962 228.435249382 55.287647962 228.358432137
-55.1339868114 228.88293949 55.1339868114 228.806212281
-54.9805058828 229.32997005 54.9805058828 229.253345816
-54.8269761464 229.853947442 54.8269761464 229.777140277
-54.6733053162 230.301461657 54.6733053162 230.224747211
-54.5199175671 230.824866486 54.5199175671 230.747981204
-54.3661278145 231.272635421 54.3661278145 231.195840876
-54.2124773678 231.71988992 54.2124773678 231.643193357
-54.0589208162 232.243679175 54.0589208162 232.166807122
-53.9051205384 232.691300271 53.9051205384 232.614521264
-53.7516714785 233.21464668 53.7516714785 233.137698843
-53.5977657945 233.662495635 53.5977657945 233.585639411
-53.4439755358 234.109917894 53.4439755358 234.033158344
-53.2903832529 234.633587331 53.2903832529 234.556656111
-53.1364671281 235.081314419 53.1364671281 235.004476909
-52.9827429879 235.528367893 52.9827429879 235.451638437
-52.8289546189 236.05255018 52.8289546189 235.975638272
-52.6750454572 236.50011631 52.6750454572 236.423300993
-52.5214187728 237.023701312 52.5214187728 236.946717012
-52.3674011027 237.471533806 52.3674011027 237.394644138
-52.2135305349 237.918852341 52.2135305349 237.842064844
-52.0597524824 238.442826157 52.0597524824 238.36586493
-51.9057410519 238.890528923 51.9057410519 238.813664814
-51.7520858549 239.414051494 51.7520858549 239.337020586
-51.5979809715 239.861991212 51.5979809715 239.785056072
-51.4439974632 240.309512009 51.4439974632 240.232677775
-51.2902188916 240.833357364 51.2902188916 240.756353575
-51.1361218857 241.281192237 51.1361218857 241.20428649
-50.9822207291 241.728369236 50.9822207291 241.651575543
-50.8282686054 242.25272026 50.8282686054 242.175746723
-50.6741968917 242.700413599 50.6741968917 242.62354114
-50.5204186195 243.224173298 50.5204186195 243.147134126
-50.366252809 243.672138574 50.366252809 243.595198664
-50.2122381856 244.119606028 50.2122381856 244.042772791
-50.0583312081 244.643750893 50.0583312081 244.566746457
-49.9041907661 245.091607441 49.9041907661 245.014704934
-49.750419311 245.615307463 49.750419311 245.538240533
-49.5962005974 246.063406981 49.5962005974 245.986440779
-49.4421078244 246.511103473 49.4421078244 246.434243093
-49.2882364594 247.035123984 49.2882364594 246.958096611
-49.1340466998 247.483137961 49.1340466998 247.406213792
-48.9800522967 247.930527997 48.9800522967 247.853719876
-48.8260359872 248.455037084 48.8260359872 248.378052915
-48.6718926587 248.902931479 48.6718926587 248.826053716
-48.5180589896 249.426872887 48.5180589896 249.349831022
-48.3638375381 249.875047439 48.3638375381 249.798110376
-48.2097712422 250.322744898 48.2097712422 250.245919749
-48.0558358758 250.847064245 48.0558358758 250.770070922
-47.9016631125 251.295150025 47.9016631125 251.218264375
-47.7478060925 251.742228794 47.7478060925 251.665520892
-47.5936419689 252.267374842 47.5936419689 252.190434121
-47.439539964 252.715324439 47.439539964 252.638495417
-47.2856791744 253.23953254 47.2856791744 253.162539418
-47.1314989791 253.687804327 47.1314989791 253.610920588
-46.9775152916 254.135485182 46.9775152916 254.058722602
-46.8235409226 254.660167663 46.8235409226 254.583233052
-46.6694319713 255.108343499 46.6694319713 255.031521687
-46.5156507751 255.632483595 46.5156507751 255.555500589
-46.3614827647 256.080947146 46.3614827647 256.004075573
-46.2074749838 256.528955397 46.2074749838 256.452202141
-46.0536218402 257.053469734 46.0536218402 256.976551575
-45.8995298829 257.501865751 45.8995298829 257.425062157
-45.7457331656 257.949364495 45.7457331656 257.8727175
-45.5917056283 258.474621593 45.5917056283 258.397773001
-45.4377121004 258.922905287 45.4377121004 258.846175515
-45.2839773906 259.447326651 45.2839773906 259.370435906
-45.1299261118 259.895942009 45.1299261118 259.81916805
-44.9760776174 260.343987751 44.9760776174 260.267341874
-44.8222614319 260.868880787 44.8222614319 260.792066614
-44.6683118927 261.317421325 44.6683118927 261.240727658
-44.5147042757 261.841789893 44.5147042757 261.764938182
-44.3607171662 262.290628673 44.3607171662 262.21389633
-44.2069001524 262.739023816 44.2069001524 262.662417805
-44.0532513033 263.263774402 44.0532513033 263.187006751
-43.8993723901 263.712568072 43.8993723901 263.635923273
-43.7457997259 264.160472947 43.7457997259 264.083993214
-43.5920070525 264.685978952 43.5920070525 264.609300864
-43.4382600873 265.134682323 43.4382600873 265.058131737
-43.2847809229 265.659358391 43.2847809229 265.582650091
-43.1309994392 266.108405869 43.1309994392 266.03182323
-42.9774373877 266.556876509 42.9774373877 266.480431656
-42.8239050398 267.082050636 42.8239050398 267.005440166
-42.6702615109 267.531044016 42.6702615109 267.454563382
-42.5169635529 268.055686868 42.5169635529 267.979051506
-42.36330594 268.504994962 42.36330594 268.428488457
-42.2098346031 268.953856544 42.2098346031 268.877486454
-42.0565264228 269.478905048 42.0565264228 269.402376344
-41.9030152519 269.928189784 41.9030152519 269.851793897
-41.749916008 270.452825031 41.749916008 270.376277015
-41.5964094285 270.902403256 41.5964094285 270.825987631
-41.443073681 271.351607204 41.443073681 271.275329773
-41.2899941405 271.876602726 41.2899941405 271.800170764
-41.1366453013 272.326182523 41.1366453013 272.249886855
-40.9835485762 272.775131112 40.9835485762 272.69898741
-40.8304374805 273.300692196 40.8304374805 273.224383046
-40.6772716831 273.75023057 40.6772716831 273.674062569
-40.5244367871 274.275211556 40.5244367871 274.198892202
-40.3712813576 274.725092261 40.3712813576 274.648913093
-40.2183427772 275.174483153 40.2183427772 275.098453619
-40.0655238687 275.699929156 40.0655238687 275.623742975
-39.9125613898 276.149803422 39.9125613898 276.07376207
-39.7599915725 276.674798628 39.7599915725 276.598608682
-39.6070593558 277.12499568 39.6070593558 277.048950192
-39.4543272547 277.57478315 39.4543272547 277.498889254
-39.3018076761 278.100191151 39.3018076761 278.024145401
-39.1490835646 278.550403672 39.1490835646 278.474506977
-38.9967109953 278.999709791 38.9967109953 278.924012956
-38.8441262418 279.525962371 38.8441262418 279.450068724
-38.6916409505 279.976134502 38.6916409505 279.90039596
-38.5394388453 280.501549882 38.5394388453 280.425663043
-38.3869862261 280.952115313 38.3869862261 280.876382211
-38.2348138299 281.402044439 38.2348138299 281.3264821
-38.0826337162 281.928075719 38.0826337162 281.852353119
-37.9304344397 282.378631193 37.9304344397 282.303068095
-37.7785734692 282.904086551 37.7785734692 282.828378179
-37.626428847 283.355015564 37.626428847 283.279466049
-37.4745384514 283.805424116 37.4745384514 283.730044983
-37.3227445367 284.331414966 37.3227445367 284.255883725
-37.1708695657 284.782362391 37.1708695657 284.706995691
-37.0193771659 285.307883717 37.0193771659 285.232374507
-36.8675770741 285.759193523 36.8675770741 285.683848709
-36.7160204419 286.210048668 36.7160204419 286.1348776
-36.5646289913 286.736067053 36.5646289913 286.660748654
-36.4131169457 287.18742103 36.4131169457 287.112272755
-36.2620235378 287.713030631 36.2620235378 287.637742477
-36.1106057685 288.164741389 36.1106057685 288.08962359
-35.9594288669 288.616037456 35.9594288669 288.541098305
-35.8084655529 289.142125781 35.8084655529 289.067042941
-35.6573588518 289.593896161 35.6573588518 289.518989552
-35.5066965198 290.119617509 35.5066965198 290.044573558
-35.3557023028 290.571746059 35.3557023028 290.49687886
-35.2049504035 291.023487634 35.2049504035 290.948804993
-35.0544448368 291.549681854 35.0544448368 291.474858589
-34.9037848145 292.001889369 34.9037848145 291.927248939
-34.7535885711 292.527742887 34.7535885711 292.452967617
-34.6030592099 292.980313059 34.6030592099 292.905721383
-34.4527783138 293.432510062 34.4527783138 293.358109639
-34.3027638032 293.958840629 34.3027638032 293.884302324
-34.1525952611 294.411502671 34.1525952611 294.337154313
-34.0029018382 294.937510194 34.0029018382 294.863029471
-33.8528824499 295.39054173 33.8528824499 295.316251909
-33.7031216098 295.843202244 33.7031216098 295.769111171
-33.5536326576 296.369703121 33.5536326576 296.295476594
-33.4040016638 296.822841043 33.4040016638 296.748812109
-33.2548496978 297.349025395 33.2548496978 297.274866546
-33.1053870641 297.802540703 33.1053870641 297.728580554
-32.9561958894 298.255679052 32.9561958894 298.18192594
-32.8072695321 298.782383152 32.8072695321 298.70849673
-32.6582260386 299.236013994 32.6582260386 299.162333379
-32.5096555564 299.762401013 32.5096555564 299.688592892
-32.3607982598 300.216424968 32.3607982598 300.142823867
-32.2122330828 300.670041488 32.2122330828 300.596656804
-32.0639054413 301.196993134 32.0639054413 301.123476721
-31.9155012875 301.651136211 31.9155012875 301.577834453
-31.7675537448 302.177754814 31.7675537448 302.104327878
-31.6193539456 302.632309385 31.6193539456 302.559098348
-31.4714759439 303.086396149 31.4714759439 303.013412633
-31.3237815595 303.613653699 31.3237815595 303.540538856
-31.1760732625 304.068321578 31.1760732625 303.995430988
-31.0287904443 304.595207863 31.0287904443 304.522194245
-30.8813025168 305.05031647 30.8813025168 304.977528247
-30.7341847054 305.504832349 30.7341847054 305.432287161
-30.5871499243 306.032492191 30.5871499243 305.959812221
-30.4401980974 306.487692199 30.4401980974 306.41524705
-30.2936216212 307.014891388 30.2936216212 306.942324979
-30.1469053583 307.470568602 30.1469053583 307.398237789
-30.0007285616 307.997540902 30.0007285616 307.925093212
-29.8542766959 308.453633064 29.8542766959 308.381423097
-29.7081493408 308.909355875 29.7081493408 308.837392922
-29.5623170219 309.436935591 29.5623170219 309.364852121
-29.4164352119 309.893194558 29.4164352119 309.821357757
-29.271037881 310.420504203 29.271037881 310.348552663
-29.1254378234 310.877211961 29.1254378234 310.805509071
-28.9802237503 311.333383074 28.9802237503 311.26194435
-28.8351574934 311.861477615 28.8351574934 311.789914744
-28.6901810259 312.318312654 28.6901810259 312.247008843
-28.5456050041 312.84602526 28.5456050041 312.774608163
-28.4009244865 313.30335842 28.4009244865 313.232201787
-28.256794792 313.830877039 28.256794792 313.759611382
-28.1124371663 314.288655258 28.1124371663 314.217652696
-27.968454574 314.746006695 27.968454574 314.67527884
-27.8247283884 315.274245436 27.8247283884 315.203403116
-27.6810422229 315.732197909 27.6810422229 315.661629194
-27.5378112765 316.260158515 27.5378112765 316.189482427
-27.3944642229 316.718603649 27.3944642229 316.64820335
-27.2517030157 317.246411365 27.2517030157 317.175907463
-27.1087183475 317.705310685 27.1087183475 317.635085649
-26.9661228553 318.163807975 26.9661228553 318.0938731
-26.8238177008 318.692352134 26.8238177008 318.622308764
-26.6815640414 319.151443075 26.6815640414 319.081689737
-26.539778667 319.679750673 26.539778667 319.609895254
-26.3979028127 320.139351656 26.3979028127 320.069788836
-26.2566183043 320.667527307 26.2566183043 320.597866125
-26.1151443513 321.127598764 26.1151443513 321.058233583
-25.9740974964 321.587210469 25.9740974964 321.518154918
-25.8333023633 322.116219438 25.8333023633 322.047058623
-25.6926292442 322.576473493 25.6926292442 322.507621147
-25.5523948457 323.105234585 25.5523948457 323.03628477
-25.4121371691 323.566027419 25.4121371691 323.497388648
-25.2724411573 324.094661391 25.2724411573 324.025929211
-25.1326230212 324.555954483 25.1326230212 324.487536932
-24.9933332771 325.016495336 24.9933332771 324.948425097
-24.8541020124 325.546288547 24.8541020124 325.478099368
-24.7151790456 326.007675039 24.7151790456 325.939816282
-24.5765926184 326.537052663 24.5765926184 326.469098886
-24.4381134442 326.999048115 24.4381134442 326.931426061
-24.30011496 327.528264958 24.30011496 327.460553603
-24.1621107149 327.990805819 24.1621107149 327.923429564
-24.0246901196 328.51994109 24.0246901196 328.452479217
-23.8871826402 328.982998816 23.8871826402 328.915876174
-23.750339829 329.512095347 23.750339829 329.444890075
-23.6133472649 329.975655371 23.6133472649 329.908793861
-23.476846247 330.438736435 23.476846247 330.372233948
-23.340624954 330.968796095 23.340624954 330.902203174
-23.2046174194 331.432538627 23.2046174194 331.366304779
-23.0690378382 331.962436182 23.0690378382 331.896119318
-22.9335587454 332.42676266 22.9335587454 332.360808171
-22.7986084946 332.956590077 22.7986084946 332.890556788
-22.6636803784 333.421470354 22.6636803784 333.355803756
-22.5293594027 333.951273204 22.5293594027 333.885531077
-22.3950015868 334.416689685 22.3950015868 334.351319068
-22.26131411 334.946497955 22.26131411 334.881054649
-22.1275437023 335.412441611 22.1275437023 335.347374949
-21.9943829845 335.87759282 21.9943829845 335.812939561
-21.8613292035 336.408743453 21.8613292035 336.343988713
-21.7287041931 336.874707896 21.7287041931 336.810351697
-21.5963812289 337.405610668 21.5963812289 337.341175855
-21.4643470863 337.872229902 21.4643470863 337.808195096
-21.332723343 338.403057673 21.332723343 338.338950854
-21.2013084409 338.870279307 21.2013084409 338.806576452
-21.0703799644 339.401096315 21.0703799644 339.337325627
-20.9396046772 339.868899183 20.9396046772 339.805537343
-20.8093749562 340.399740837 20.8093749562 340.336314495
-20.679257846 340.868110988 20.679257846 340.805098885
-20.5497330059 341.399002833 20.5497330059 341.335929132
-20.4202909358 341.867932916 20.4202909358 341.805279171
-20.291478754 342.398894364 20.291478754 342.336181683
-20.1627276106 342.868380772 20.1627276106 342.806093999
-20.0346368671 343.399427579 20.0346368671 343.337084379
-19.9065919072 343.869469058 19.9065919072 343.80755791
-19.77923203 344.400614652 19.77923203 344.338649477
-19.6519087703 344.871208913 19.6519087703 344.809682101
-19.52528941 345.402466057 19.52528941 345.340887535
-19.398702244 345.873614917 19.398702244 345.812481214
-19.2728335257 346.404994557 19.2728335257 346.343811398
-19.1469966805 346.876700262 19.1469966805 346.815968512
-19.0218889344 347.408212562 19.0218889344 347.347433558
-18.8968177999 347.880472698 18.8968177999 347.820151828
-18.7724810821 348.412129016 18.7724810821 348.351763036
-18.6481900951 348.8849445 18.6481900951 348.82504351
-18.5246346065 349.41675553 18.5246346065 349.356811523
-18.4011381601 349.890127037 18.4011381601 349.83065501
-18.2783740573 350.422103541 18.2783740573 350.362590532
-18.1556872018 350.896028716 18.1556872018 350.836994818
-18.0337243061 351.428182722 18.0337243061 351.36910981
-17.9118621109 351.902658536 17.9118621109 351.844072023
-17.7907099391 352.435003152 17.7907099391 352.37637951
-17.6696876785 352.910025036 17.6696876785 352.851895266
-17.5493553121 353.442574966 17.5493553121 353.384409838
-17.4291886892 353.918135747 17.4291886892 353.860472194
-17.309684557 354.450908206 17.309684557 354.393210907
-17.190390858 354.926993139 17.190390858 354.869805453
-17.0717220631 355.460010838 17.0717220631 355.402790751
-16.9533202359 355.936596731 16.9533202359 355.879894858
-16.835491887 356.469890916 16.835491887 356.413157495
-16.7180046303 356.946936427 16.7180046303 356.890731016
-16.6010178456 357.480556036 16.6010178456 357.42431881
-16.48447875 357.95796852 16.48447875 357.902273191
-16.3683235818 358.492012899 16.3683235818 358.436281476
-16.2528422245 359.025098872 16.2528422245 358.969345942
-16.13743379 359.504262078 16.13743379 359.449046168
-16.0228374631 360.037607876 16.0228374631 359.982372064
-15.9083719426 360.517307121 15.9083719426 360.462616574
-15.7946666755 361.050936737 15.7946666755 360.996227675
-15.6811644817 361.531136285 15.6811644817 361.476981227
-15.5683532162 362.065087227 15.5683532162 362.010914604
-15.4558388553 362.545729806 15.4558388553 362.492121063
-15.3439191723 363.080064018 15.3439191723 363.026437596
-15.2324361504 363.56099992 15.2324361504 363.50795216
-15.1213872544 364.095866528 15.1213872544 364.042796166
-15.0110183654 364.629832083 15.0110183654 364.576751828
-14.9007817456 365.112484315 14.9007817456 365.059980043
-14.791343359 365.646774333 14.791343359 365.594261377
-14.6821275478 366.129900183 14.6821275478 366.077972428
-14.5736185745 366.664566689 14.5736185745 366.612630839
-14.4654586031 367.148049529 14.4654586031 367.096710294
-14.3578657982 367.683203054 14.3578657982 367.63185421
-14.2509210383 368.217652984 14.2509210383 368.166301755
-14.1441081427 368.702667534 14.1441081427 368.651915779
-14.0381221445 369.237468307 14.0381221445 369.186715259
-13.9323712983 369.722927211 13.9323712983 369.672783139
-13.8273390815 370.258145497 13.8273390815 370.208000461
-13.7226966764 370.743865411 13.7226966764 370.694342429
-13.6185931253 371.279668658 13.6185931253 371.230141592
-13.5151563563 371.814721746 13.5151563563 371.765198991
-13.4119074695 372.302007638 13.4119074695 372.253108842
-13.3094479847 372.837466604 13.3094479847 372.788572766
-13.2073161844 373.325071719 13.2073161844 373.276812979
-13.1058158037 373.861066052 13.1058158037 373.812811006
-13.0049599338 374.396444306 13.0049599338 374.348198569
-12.9042823548 374.885482537 12.9042823548 374.837876484
-12.804420399 375.42127736 12.804420399 375.373681244
-12.7048815843 375.910613027 12.7048815843 375.863667659
-12.6059930827 376.446962821 12.6059930827 376.400026136
-12.5077477967 376.982724627 12.5077477967 376.935801777
-12.4097012144 377.4734474 12.4097012144 377.427180376
-12.3124601892 378.009655815 12.3124601892 377.963403017
-12.2155859272 378.500574271 12.2155859272 378.454989645
-12.119317952 379.037422958 12.119317952 378.991849999
-12.0237075932 379.573625319 12.0237075932 379.528070243
-11.9283479368 380.065939376 11.9283479368 380.021056793
-11.8337438062 380.6026494 11.8337438062 380.557784495
-11.7396302113 381.094811064 11.7396302113 381.05064081
-11.6459575107 381.63246624 11.6459575107 381.588301406
-11.5529978687 382.169179123 11.5529978687 382.125035607
-11.460388934 382.662897386 11.460388934 382.619444778
-11.3684197836 383.200264358 11.3684197836 383.156830851
-11.2770990075 383.737043506 11.2770990075 383.69363426
-11.1860560677 384.23203595 11.1860560677 384.189323081
-11.0957477329 384.769378708 11.0957477329 384.726689373
-11.0060638401 385.306262316 11.0060638401 385.263599819
-10.9166119441 385.802434639 10.9166119441 385.760475206
-10.827952793 386.339838359 10.827952793 386.297905547
-10.7397796159 386.835715378 10.7397796159 386.794507759
-10.6520608061 387.374143211 10.6520608061 387.332949703
-10.5650447666 387.911656102 10.5650447666 387.870491734
-10.4784512746 388.408814996 10.4784512746 388.368375981
-10.3924065443 388.947187755 10.3924065443 388.906772027
-10.3070292104 389.484841731 10.3070292104 389.444457325
-10.2220451402 389.98312331 10.2220451402 389.943469684
-10.1376503976 390.521582381 10.1376503976 390.481955808
-10.0539074355 391.059401427 10.0539074355 391.019808099
-9.97055060286 391.558702285 9.97055060286 391.519846624
-9.8877913407 392.097326346 9.8877913407 392.058499872
-9.80567745572 392.635332274 9.80567745572 392.596540742
-9.72396155744 393.135558119 9.72396155744 393.097512159
-9.64282412084 393.674414939 9.64282412084 393.636399108
-9.5623327732 394.212628835 9.5623327732 394.174649416
-9.48227255081 394.713661352 9.48227255081 394.676437272
-9.40273922765 395.252839299 9.40273922765 395.215644266
-9.32386229435 395.791283478 9.32386229435 395.75412609
-9.24549599966 396.292826073 9.24549599966 396.256447753
-9.16752468176 396.832575206 9.16752468176 396.796210798
-9.09025160697 397.371279004 9.09025160697 397.334953171
-9.01356792785 397.909637598 9.01356792785 397.873352232
-8.9371653966 398.413586264 8.9371653966 398.378062105
-8.86148219415 398.952593376 8.86148219415 398.917108243
-8.78639275601 399.491203857 8.78639275601 399.455760098
-8.7116471038 399.995796205 8.7116471038 399.961122284
-8.63753264339 400.535192138 8.63753264339 400.500556515
-8.5640240233 401.074081889 8.5640240233 401.03948829
-8.49097598706 401.578941813 8.49097598706 401.545135721
-8.41837950478 402.119022084 8.41837950478 402.085244577
-8.34643438116 402.658236788 8.34643438116 402.624501537
-8.27506075147 403.197125645 8.27506075147 403.163434251
-8.20400177564 403.703977806 8.20400177564 403.671067435
-8.13359438694 404.243616625 8.13359438694 404.210747621
-8.06377062357 404.782811422 8.06377062357 404.749986549
-7.99441880233 405.289605513 7.99441880233 405.257585815
-7.92547505149 405.830133362 7.92547505149 405.798138464
-7.85717794548 406.369702305 7.85717794548 406.337751261
-7.78943965789 406.908942 7.78943965789 406.877036367
-7.72205961917 407.417568792 7.72205961917 407.386457855
-7.65524793241 407.957712795 7.65524793241 407.926642755
-7.58901875876 408.497308991 7.58901875876 408.4662841
-7.52333215071 409.036629674 7.52333215071 409.005651157
-7.45795580902 409.546645956 7.45795580902 409.516465066
-7.39319876032 410.086757064 7.39319876032 410.056619568
-7.32899986051 410.626430515 7.32899986051 410.596338973
-7.2653307191 411.165856582 7.2653307191 411.135812118
-7.20195076293 411.677080455 7.20195076293 411.647837786
-7.13920202627 412.217261762 7.13920202627 412.188063407
-7.0769961518 412.757045497 7.0769961518 412.727893573
-7.01530900802 413.296595232 7.01530900802 413.267490843
-6.95390903296 413.808881746 6.95390903296 413.780583767
-6.89312559706 414.34919958 6.89312559706 414.320946058
-6.83287446231 414.889120599 6.83287446231 414.860913684
-6.77313220216 415.428809668 6.77313220216 415.400650512
-6.71369483599 415.941989494 6.71369483599 415.914641985
-6.65483150486 416.482518887 6.65483150486 416.455215127
-6.5964949159 417.022606355 6.5964949159 416.995349026
-6.53865848792 417.562451213 6.53865848792 417.535241621
-6.48117365749 418.076255763 6.48117365749 418.049865452
-6.42417621614 418.617145274 6.42417621614 418.590795583
-6.36771124121 419.157439679 6.36771124121 419.131135767
-6.31173943465 419.697460846 6.31173943465 419.671204348
-6.2562480748 420.237296149 6.2562480748 420.211087765
-6.2010138652 420.752955678 6.2010138652 420.727564161
-6.14637243967 421.293535435 6.14637243967 421.268188221
-6.0922214084 421.833764812 6.0922214084 421.80846421
-6.03854332802 422.373783007 6.03854332802 422.348530173
-5.98521173642 422.889627039 5.98521173642 422.865201169
-5.93232586582 423.430762059 5.93232586582 423.406374728
-5.87994747841 423.971265359 5.87994747841 423.946922939
-5.8280371985 424.511496683 5.8280371985 424.487201225
-5.77658336066 425.051544692 5.77658336066 425.02729677
-5.72543000817 425.568810337 5.72543000817 425.545387968
-5.67476101204 426.109809253 5.67476101204 426.086427503
-5.624568847 426.650321147 5.624568847 426.626984356
-5.57482788603 427.190592131 5.57482788603 427.16730217
-5.52552835667 427.730691515 5.52552835667 427.707448506
-5.47652050618 428.249016581 5.47652050618 428.226600921
-5.42797987017 428.790072116 5.42797987017 428.767695993
-5.37989965498 429.33064627 5.37989965498 429.308314574
-5.3322562253 429.870984811 5.3322562253 429.848699481
-5.28504028662 430.411153852 5.28504028662 430.388914777
-5.2381449375 430.93012209 5.2381449375 430.908716298
-5.19164348594 431.471455188 5.19164348594 431.450083905
-5.14560012184 432.012148016 5.14560012184 431.99081971
-5.09998120475 432.552583059 5.09998120475 432.531300374
-5.05477703427 433.092841743 5.05477703427 433.071604673
-5.00997923519 433.632952349 5.00997923519 433.611759625
-4.96541566597 434.153772812 4.96541566597 434.133405914
-4.92132991692 434.694693795 4.92132991692 434.674366376
-4.87766043632 435.235267561 4.87766043632 435.214984399
-4.8343945105 435.775642368 4.8343945105 435.755404285
-4.79152357909 436.315859556 4.79152357909 436.295665404
-4.74901306941 436.836113147 4.74901306941 436.816792098
-4.706754115 437.378058177 4.706754115 437.358730157
-4.66495472975 437.918872767 4.66495472975 437.899585088
-4.62355059162 438.459408317 4.62355059162 438.440164803
-4.58253204594 438.999762601 4.58253204594 438.98056299
-4.54189018077 439.539964737 4.54189018077 439.520807292
-4.50161585636 440.080028144 4.50161585636 440.060910771
-4.46153678098 440.603097388 4.46153678098 440.584803556
-4.42191211407 441.143926987 4.42191211407 441.125672403
-4.38266674525 441.684475355 4.38266674525 441.666264248
-4.34379116345 442.224842255 4.34379116345 442.206674008
-4.30527600272 442.765055708 4.30527600272 442.746928252
-4.26711174755 443.305128874 4.26711174755 443.287039906
-4.22917136956 443.828692765 4.22917136956 443.811429054
-4.19160873704 444.369703098 4.19160873704 444.352473371
-4.15441490308 444.910322877 4.15441490308 444.893135395
-4.11757785873 445.450741539 4.11757785873 445.433596437
-4.08108789019 445.990998525 4.08108789019 445.973893596
-4.04493492807 446.53110976 4.04493492807 446.514042456
-4.00910947188 447.071085304 4.00910947188 447.054053244
-3.97347375044 447.595885274 3.97347375044 447.579674419
-3.93821960244 448.136724982 3.93821960244 448.120550481
-3.90331337131 448.677258549 3.90331337131 448.66112623
-3.86874495138 449.21760544 3.86874495138 449.201513848
-3.83450359819 449.757794007 3.83450359819 449.741740325
-3.80057884104 450.297838091 3.80057884104 450.281819561
-3.76696120304 450.837747478 3.76696120304 450.821761681
-3.7335433736 451.363160801 3.7335433736 451.347995686
-3.7004495125 451.904068217 3.7004495125 451.888935193
-3.66769031323 452.444595826 3.66769031323 452.429504435
-3.63525421354 452.984925547 3.63525421354 452.969874219
-3.60312948263 453.525091111 3.60312948263 453.510076579
-3.57130487972 454.065108143 3.57130487972 454.050127344
-3.53977050658 454.60498764 3.53977050658 454.590037972
-3.50851775481 455.144738443 3.50851775481 455.129817733
-3.47742744015 455.67139998 3.47742744015 455.657294927
-3.44667039821 456.212075804 3.44667039821 456.198007932
-3.41622810832 456.752467514 3.41622810832 456.738440806
-3.38608825696 457.292672749 3.38608825696 457.278683758
-3.35623784184 457.832716569 3.35623784184 457.818761553
-3.32666548544 458.372613705 3.32666548544 458.358689538
-3.29736158858 458.912375321 3.29736158858 458.89847947
-3.26831798958 459.452010505 3.26831798958 459.438140903
-3.23945389843 459.979044594 3.23945389843 459.965989901
-3.21085009738 460.519815296 3.21085009738 460.50679083
-3.18255049299 461.060179197 3.18255049299 461.047196311
-3.15454040083 461.600338805 3.15454040083 461.587393542
-3.12680484843 462.140327582 3.12680484843 462.127415474
-3.09933117598 462.680163602 3.09933117598 462.667281082
-3.07210912444 463.219860156 3.07210912444 463.207004451
-3.04513024957 463.759427797 3.04513024957 463.746596715
-3.01838742839 464.298875177 3.01838742839 464.286066947
-2.9918121852 464.826671471 2.9918121852 464.814674633
-2.96546748055 465.367339777 2.96546748055 465.355373188
-2.93941326139 465.907584725 2.93941326139 465.895659997
-2.91363156944 466.447619181 2.91363156944 466.43573071
-2.88810529597 466.98747823 2.88810529597 466.975620904
-2.86282105641 467.52718224 2.86282105641 467.515352275
-2.8377684938 468.066746146 2.8377684938 468.054940723
-2.81293933331 468.606181575 2.81293933331 468.594398525
-2.78832673585 469.145497875 2.78832673585 469.13373548
-2.76392488286 469.68470275 2.76392488286 469.672959612
-2.73966139425 470.213548627 2.73966139425 470.202610174
-2.71563109362 470.753949056 2.71563109362 470.743049277
-2.69187484895 471.294006689 2.69187484895 471.283147931
-2.6683701846 471.833853547 2.6683701846 471.82302839
-2.64509859725 472.373524148 2.64509859725 472.362727213
-2.62204679046 472.913040626 2.62204679046 472.902268185
-2.59920487254 473.45241908 2.59920487254 473.441668446
-2.57656511629 473.991671803 2.57656511629 473.980940952
-2.55412122663 474.530808514 2.55412122663 474.520095863
-2.53186790017 475.069837109 2.53186790017 475.059141383
-2.50980054897 475.608764152 2.50980054897 475.598084299
-2.48784579124 476.138620226 2.48784579124 476.128742247
-2.46613041854 476.678763027 2.46613041854 476.668931077
-2.44467196786 477.218601162 2.44467196786 477.208808207
-2.42344258008 477.758225686 2.42344258008 477.74846323
-2.40242320565 478.297673638 2.40242320565 478.287936301
-2.38160103223 478.836969254 2.38160103223 478.827253483
-2.36096682646 479.376129766 2.36096682646 479.366433061
-2.34051351014 479.915168051 2.34051351014 479.905488562
-2.32023538802 480.454094115 2.32023538802 480.444430413
-2.30012770323 480.992915982 2.30012770323 480.983266925
-2.28018636592 481.531640248 2.28018636592 481.5220049
-2.2604077791 482.070272452 2.2604077791 482.06065003
-2.24073131302 482.600768031 2.24073131302 482.591943313
-2.22127239404 483.140741635 2.22127239404 483.131967419
-2.20205907516 483.680378453 2.20205907516 483.671642801
-2.18305642158 484.219786096 2.18305642158 484.211079009
-2.16424357271 484.75901055 2.16424357271 484.750326296
-2.14560745703 485.298080596 2.14560745703 485.289415582
-2.12713905155 485.837015866 2.12713905155 485.82836765
-2.10883163795 486.375830576 2.10883163795 486.367197394
-2.09067992207 486.914535506 2.09067992207 486.90591602
-2.07267954956 487.453139129 2.07267954956 487.444532288
-2.05482681964 487.991648308 2.05482681964 487.98305326
-2.03711850597 488.530068727 2.03711850597 488.521484767
-2.01955173885 489.068405195 2.01955173885 489.059831724
-2.0021239248 489.60666184 2.0021239248 489.598098346
-1.9847787197 490.138563054 1.9847787197 490.13081731
-1.96769693403 490.678132063 1.96769693403 490.670434256
-1.95082580697 491.217403274 1.95082580697 491.209736791
-1.9341338278 491.756458128 1.9341338278 491.748814752
-1.91760395722 492.295340882 1.91760395722 492.287716025
-1.90122557732 492.834079088 1.90122557732 492.82646987
-1.88499132859 493.372691409 1.88499132859 493.365095865
-1.8688957059 493.911191299 1.8688957059 493.903608003
-1.85293435427 494.449588922 1.85293435427 494.442016793
-1.83710368058 494.987892251 1.83710368058 494.980330436
-1.82140062318 495.526107721 1.82140062318 495.518555529
-1.80582250708 496.064240654 1.80582250708 496.056697512
-1.79036694846 496.602295539 1.79036694846 496.594760963
-1.7750317892 497.140276225 1.7750317892 497.132749798
-1.75981505053 497.678186059 1.75981505053 497.670667419
-1.74467714735 498.20987391 1.74467714735 498.203146427
-1.72973466961 498.749429888 1.72973466961 498.742766538
-1.71501559107 499.288546665 1.71501559107 499.281919487
-1.70046755342 499.827394196 1.70046755342 499.820790794
-1.6860672879 500.366044493 1.6860672879 500.359458915
-1.67180205523 500.904537441 1.67180205523 500.897966291
-1.65766374441 501.442898002 1.65766374441 501.436339108
-1.64364664091 501.981143164 1.64364664091 501.974595026
-1.6297464195 502.519285214 1.6297464195 502.512746733
-1.61595962904 503.057333456 1.61595962904 503.050803791
-1.60228340377 503.595295191 1.60228340377 503.588773679
-1.58871528965 504.133176318 1.58871528965 504.12666242
-1.575253134 504.670981714 1.575253134 504.664474981
-1.56189501215 505.208715492 1.56189501215 505.202215544
-1.54863917675 505.746381174 1.54863917675 505.739887686
-1.53548402178 506.283981822 1.53548402178 506.277494509
-1.52242805609 506.821520128 1.52242805609 506.815038739
-1.50946988365 507.358998482 1.50946988365 507.352522794
-1.49658031643 507.89112801 1.49658031643 507.88543912
-1.48387947481 508.430470444 1.48387947481 508.424855711
-1.47139348337 508.969273053 1.47139348337 508.963692923
-1.45905836577 509.507777261 1.45905836577 509.502218338
-1.44685000415 510.046074806 1.44685000415 510.040531198
-1.43475608653 510.584212919 1.43475608653 510.578681414
-1.42276909412 511.122219855 1.42276909412 511.116698463
-1.41088388094 511.660114252 1.41088388094 511.654601626
-1.39909663535 512.197909269 1.39909663535 512.19240444
-1.3874043664 512.735614683 1.3874043664 512.730116922
-1.37580462279 513.273238045 1.37580462279 513.267746784
-1.36429532701 513.810785373 1.36429532701 513.805300154
-1.35287467157 514.348261586 1.35287467157 514.342782032
-1.34154105088 514.885670787 1.34154105088 514.880196582
-1.33029301471 515.423016459 1.33029301471 515.417547334
-1.31912923545 515.960301604 1.31912923545 515.954837326
-1.30804848434 516.497528844 1.30804848434 516.492069207
-1.29704961378 517.03470049 1.29704961378 517.029245314
-1.28613154394 517.571818603 1.28613154394 517.566367726
-1.27529325242 518.108885033 1.27529325242 518.10343831
-1.26453376608 518.645901456 1.26453376608 518.640458754
-1.25385215456 519.1828694 1.25385215456 519.177430599
-1.24324425428 519.716473354 1.24324425428 519.711867614
-1.23288752274 520.255201722 1.23288752274 520.250647773
-1.2226887871 520.793465244 1.2226887871 520.788935294
-1.21260598841 521.331461197 1.21260598841 521.326946486
-1.20262249788 521.869269963 1.20262249788 521.864766431
-1.19272947045 522.40693381 1.19272947045 522.402439172
-1.18292137242 522.944478364 1.18292137242 522.939991177
-1.17319435961 523.481920665 1.17319435961 523.477439942
-1.16354555754 524.019272802 1.16354555754 524.014797828
-1.15397269658 524.556543775 1.15397269658 524.55207401
-1.14447390879 525.093740543 1.14447390879 525.089275563
-1.13504760647 525.630868648 1.13504760647 525.626408114
-1.12569240529 526.167932616 1.12569240529 526.163476246
-1.1164070735 526.704936213 1.1164070735 526.700483773
-1.10719049701 527.241882634 1.10719049701 527.237433923
-1.09804165473 527.778774625 1.09804165473 527.77432947
-1.0889596005 528.315614576 1.0889596005 528.311172826
-1.07994344975 528.852404593 1.07994344975 528.847966114
-1.0709923693 529.389146546 1.0709923693 529.38471122
-1.06210556947 529.925842115 1.06210556947 529.921409832
-1.05328229786 530.462492812 1.05328229786 530.458063478
-1.04452183446 530.999100017 1.04452183446 530.994673541
-1.0358234876 531.535664989 1.0358234876 531.531241291
-1.02718659071 532.072188888 1.02718659071 532.067767892
-1.01861049961 532.608672783 1.01861049961 532.604254421
-1.01009459023 533.145117669 1.01009459023 533.140701877
-1.00163825677 533.681524473 1.00163825677 533.67711119
-0.993297963451 534.216149248 0.993297963451 534.212598992
-0.985204298691 534.75432517 0.985204298691 534.750812444
-0.977230557571 535.292047426 0.977230557571 535.288552206
-0.96934530801 535.829512826 0.96934530801 535.826028713
-0.961535987956 536.366800594 0.961535987956 536.363324588
-0.953795879672 536.903952221 0.953795879672 536.900482625
-0.946120775394 537.440992778 0.946120775394 537.437528519
-0.938507755428 537.977938874 0.938507755427 537.974479217
-0.930954641733 538.514802241 0.930954641733 538.511346656
-0.923459719609 539.051591575 0.923459719609 539.048139662
-0.916021582138 539.588313568 0.916021582138 539.584865013
-0.90863903694 540.124973519 0.90863903694 540.121528073
-0.901311047113 540.661575735 0.901311047113 540.658133193
-0.89403669214 541.198123783 0.89403669214 541.194683973
-0.886815141032 541.734620671 0.886815141032 541.731183448
-0.879645633318 542.271068971 0.879645633317 542.26763421
-0.872527465205 542.807470914 0.872527465205 542.804038506
-0.865459979295 543.343828453 0.865459979295 543.340398302
-0.85844255677 543.880143316 0.85844255677 543.876715338
-0.851474611357 544.416417047 0.851474611357 544.412991164
-0.844555584592 544.952651031 0.844555584592 544.949227176
-0.837684942048 545.488846527 0.837684942048 545.485424636
-0.830862170296 546.025004679 0.830862170296 546.021584696
-0.824086774421 546.561126535 0.82408677442 546.557708408
-0.81735827598 547.097213063 0.817358275979 547.093796742
-0.810676211298 547.633265156 0.810676211298 547.629850597
-0.804040130039 548.169283644 0.804040130039 548.165870805
-0.797449593991 548.705269302 0.79744959399 548.701858145
-0.790904176034 549.241222855 0.790904176033 549.237813343
-0.784403459249 549.777144984 0.784403459249 549.773737082
-0.777947036152 550.313036329 0.777947036151 550.309630006
-0.771534508015 550.848897497 0.771534508015 550.845492722
-0.765165484288 551.384729059 0.765165484287 551.381325803
-0.758839582072 551.920531561 0.758839582071 551.917129796
-0.752556425666 552.456305518 0.752556425666 552.452905218
-0.746376403506 552.991034529 0.746376403505 552.988504893
-0.740463401753 553.528842876 0.740463401753 553.526351347
-0.734652789819 554.066060268 0.734652789819 554.063583308
-0.728910274329 554.60298604 0.728910274329 554.60051764
-0.723224151437 555.139722718 0.723224151437 555.137260288
-0.7175885942 555.676320277 0.7175885942 555.67386242
-0.712000113654 556.212807634 0.712000113654 556.210353493
-0.706456367003 556.74920337 0.706456367002 556.746752374
-0.700955650947 557.28552031 0.700955650947 557.283072052
-0.695496652356 557.821767776 0.695496652356 557.819321956
-0.690078312398 558.357952825 0.690078312398 558.355509211
-0.684699746685 558.894080969 0.684699746685 558.891639378
-0.679360195498 559.430156624 0.679360195498 559.427716908
-0.674058991271 559.966183409 0.674058991271 559.963745444
-0.668795536516 560.502164337 0.668795536515 560.499728021
-0.663569288341 561.038101962 0.663569288341 561.035667207
-0.658379747302 561.573998474 0.658379747301 561.571565205
-0.653226449164 562.109855776 0.653226449164 562.107423926
-0.648108958711 562.645675536 0.648108958711 562.643245047
-0.643026864984 563.181459229 0.643026864983 563.179030049
-0.637979777578 563.717208174 0.637979777578 563.714780257
-0.632967323713 564.252923555 0.632967323712 564.25049686
-0.627989145881 564.788606444 0.627989145881 564.786180931
-0.62304489995 565.324257815 0.62304489995 565.321833451
-0.618134253597 565.859878562 0.618134253597 565.857455315
-0.613256885022 566.395469505 0.613256885022 566.393047346
-0.608412481869 566.931031404 0.608412481869 566.928610306
-0.603600740319 567.466564961 0.603600740318 567.464144898
-0.598821364315 568.002070832 0.598821364315 567.999651782
-0.594074064912 568.537549629 0.594074064912 568.535131569
-0.589358559701 569.073001927 0.589358559701 569.070584836
-0.584674572324 569.608428264 0.584674572324 569.606012123
-0.580021832041 570.143829149 0.580021832041 570.141413941
-0.57540007336 570.679205065 0.575400073359 570.676790771
-0.570809035701 571.214556465 0.5708090357 571.212143069
-0.566248463107 571.749883784 0.566248463107 571.747471271
-0.561718103983 572.285187433 0.561718103983 572.282775787
-0.557217710862 572.820467805 0.557217710861 572.818057012
-0.552747040193 573.355725275 0.552747040193 573.353315322
-0.548305852161 573.890960201 0.548305852161 573.888551076
-0.543893910508 574.426172929 0.543893910507 574.423764618
-0.539510982381 574.961363788 0.53951098238 574.958956279
-0.535156838192 575.496533095 0.535156838192 575.494126377
-0.53083125149 576.031681157 0.53083125149 576.029275218
-0.526533998837 576.566808266 0.526533998837 576.564403097
-0.522264859706 577.101914708 0.522264859705 577.099510298
-0.518023616373 577.637000757 0.518023616373 577.634597095
-0.513810053832 578.172066677 0.513810053832 578.169663754
-0.509623959702 578.707112725 0.509623959702 578.704710532
-0.505465124149 579.24213915 0.505465124148 579.239737678
-0.50133333981 579.777146193 0.50133333981 579.774745433
-0.49737228682 580.312629113 0.497372286819 580.31112941
-0.493655253259 580.849681819 0.493655253259 580.848203794
-0.490002418785 581.386154074 0.490002418785 581.384684407
-0.486392086157 581.922344079 0.486392086157 581.920879288
-0.482816772127 582.458353662 0.482816772127 582.456892236
-0.479272745741 582.994232377 0.479272745741 582.992773498
-0.475757778139 583.530008833 0.475757778139 583.528552
-0.4722703792 584.065701363 0.472270379199 584.064246241
-0.468809471604 584.601322575 0.468809471604 584.599868928
-0.465374229997 585.136881601 0.465374229997 585.135429252
-0.461963993173 585.672385321 0.461963993173 585.670934136
-0.458578212396 586.207839082 0.458578212396 586.206388957
-0.455216419164 586.74324715 0.455216419164 586.741797998
-0.451878204145 587.278612997 0.451878204145 587.277164748
-0.448563202869 587.813939501 0.448563202869 587.812492097
-0.445271085707 588.349229085 0.445271085706 588.347782477
-0.442001550646 588.884483817 0.442001550646 588.883037961
-0.438754317968 589.419705478 0.438754317968 589.418260338
-0.435529126242 589.954895624 0.435529126242 589.953451167
-0.432325729257 590.49005562 0.432325729257 590.488611818
-0.429143893634 591.025186681 0.429143893634 591.023743508
-0.42598339694 591.560289888 0.42598339694 591.558847322
-0.422844026183 592.095366217 0.422844026183 592.093924237
-0.419725576591 592.630416547 0.419725576591 592.628975135
-0.416627850617 593.165441682 0.416627850617 593.16400082
-0.413550657115 593.700442353 0.413550657115 593.699002026
-0.410493810657 594.235419235 0.410493810656 594.233979428
-0.407457130955 594.770372948 0.407457130955 594.768933649
-0.404440442379 595.305304067 0.404440442378 595.303865263
-0.401443573536 595.840213128 0.401443573536 595.838774807
-0.398466356923 596.375100629 0.398466356923 596.37366278
-0.395508628609 596.909967035 0.395508628609 596.90852965
-0.392570227979 597.444812786 0.392570227979 597.443375854
-0.389650997493 597.979638293 0.389650997493 597.978201806
-0.386750782487 598.514443945 0.386750782487 598.513007893
-0.383869430992 599.049230108 0.383869430991 599.047794485
-0.38100679357 599.583997131 0.381006793569 599.582561929
-0.378162723177 600.118745345 0.378162723177 600.117310556
-0.375337075035 600.653475064 0.375337075035 600.652040682
-0.372529706516 601.188186588 0.372529706516 601.186752606
-0.36974047704 601.722880204 0.36974047704 601.721446615
-0.366969247982 602.257556185 0.366969247982 602.256122984
-0.36421588259 602.792214793 0.36421588259 602.790781975
-0.361480245903 603.326856281 0.361480245902 603.32542384
-0.358762204686 603.86148089 0.358762204685 603.860048821
-0.356061627363 604.396088854 0.356061627362 604.394657151
-0.353378383958 604.930680395 0.353378383958 604.929249054
-0.350712346043 605.465255731 0.350712346043 605.463824747
-0.348063386683 605.99981507 0.348063386683 605.998384438
-0.345431380393 606.534358614 0.345431380393 606.532928329
