-119.881367481 0.639247994174 119.881367481 0.588927936815
-119.771009728 1.19687581434 119.771009728 1.14095455351
-119.658035002 1.68777012051 119.658035002 1.63381013382
-119.544011784 2.22570663686 119.544011784 2.16781758305
-119.42729048 2.70349428462 119.42729048 2.64702949396
-119.309557548 3.23483900189 119.309557548 3.17510647644
-119.189459092 3.70572278007 119.189459092 3.64721571773
-119.06845519 4.23377110592 119.06845519 4.17236651117
-118.945361693 4.70018395983 118.945361693 4.63989732564
-118.821474719 5.22626792418 118.821474719 5.16332962444
-118.695682746 5.68953353608 118.695682746 5.62763575118
-118.569236494 6.21428725236 118.569236494 6.14992470768
-118.440980675 6.67523695324 118.440980675 6.6118475047
-118.31224333 7.19899666443 118.31224333 7.13329816299
-118.181716527 7.65819459533 118.181716527 7.59340742225
-118.05090904 8.18116026432 118.05090904 8.11419879672
-117.918281753 8.63898621336 117.918281753 8.57288116989
-117.785583724 9.16130081975 117.785583724 9.09313805291
-117.65100908 9.61801904846 117.65100908 9.55066527865
-117.51656714 10.1397949958 117.51656714 10.0704840246
-117.380182771 10.5955986786 117.380182771 10.5270561995
-117.243841027 11.0475852498 117.243841027 10.9807843361
-117.106049219 11.5719598153 117.106049219 11.5022809947
-116.967685285 12.0245664716 116.967685285 11.9558304755
-116.828824293 12.5472870028 116.828824293 12.4765178456
-116.688761857 12.9998063226 116.688761857 12.9298408936
-116.548698905 13.5217278962 116.548698905 13.4499091465
-116.407099376 13.9740246996 116.407099376 13.9029437439
-116.265843309 14.4954022031 116.265843309 14.4225702513
-116.122832419 14.9474333812 116.122832419 14.8752969959
-115.979791951 15.3969450321 115.979791951 15.3258751509
-115.836091653 15.9201729024 115.836091653 15.8470249416
-115.691496848 16.3702720542 115.691496848 16.2979040008
-115.547003944 16.8923337495 115.547003944 16.8182103016
-115.401081812 17.3425641343 115.401081812 17.2691424215
-115.255681789 17.8639983466 115.255681789 17.7889307511
-115.108566312 18.3142106884 115.108566312 18.2398024258
-114.961358339 18.7625807752 114.961358339 18.6890218487
-114.814025511 19.285355729 114.814025511 19.2100019819
-114.665539362 19.7342229696 114.665539362 19.6595778557
-114.517537806 20.2560906279 114.517537806 20.1798233384
-114.367952757 20.705130283 114.367952757 20.6295175484
-114.218381973 21.1522934156 114.218381973 21.0775745796
-114.068610324 21.6755656435 114.068610324 21.5990337162
-113.917822673 22.1234601649 113.917822673 22.0476328093
-113.767563077 22.6456338466 113.767563077 22.5682157447
-113.615769732 23.0938164583 113.615769732 23.0170440126
-113.464004943 23.5403029438 113.464004943 23.4643856246
-113.31218475 24.0637185332 113.31218475 23.9860529296
-113.159312335 24.5109575938 113.159312335 24.4339790961
-113.007095379 25.033286606 113.007095379 24.9547607059
-112.853318552 25.4808533939 112.853318552 25.4029598577
-112.699525901 25.9270215535 112.699525901 25.8499059768
-112.545971668 26.4503307823 112.545971668 26.371570949
-112.391206875 26.8971527419 112.391206875 26.8190552798
-112.236782647 27.3416567171 112.236782647 27.2648217702
-112.08172038 27.8666490315 112.08172038 27.7876705805
-111.926082527 28.3126787347 111.926082527 28.2344119926
-111.771021192 28.8357818408 111.771021192 28.7559641604
-111.614553804 29.2823249603 111.614553804 29.2031444071
-111.45817314 29.7274362163 111.45817314 29.6490727548
-111.301955689 30.2514769886 111.301955689 30.1714485696
-111.144665397 30.6974325412 111.144665397 30.6180688324
-110.987782876 31.1411073169 110.987782876 31.0630620661
-110.830266083 31.6666781883 110.830266083 31.5864510289
-110.672232775 32.1120353729 110.672232775 32.0325125692
-110.514876959 32.6355469093 110.514876959 32.5545022008
-110.356118501 33.0814536677 110.356118501 33.0010398145
-110.197430907 33.526155274 110.197430907 33.4465118749
-110.0391341 34.0503815367 110.0391341 33.9691428239
-109.879667072 34.4958625721 109.879667072 34.4152743164
-109.720432034 34.9397718309 109.720432034 34.8601010287
-109.561174161 35.464887503 109.561174161 35.3834636064
-109.40105801 35.9099470505 109.40105801 35.8291974334
-109.241482588 36.3525792686 109.241482588 36.2733820333
-109.081133519 36.8791140459 109.081133519 36.7975133103
-108.92042335 37.3237529541 108.92042335 37.2428565884
-108.760472315 37.8478528657 108.760472315 37.7654541788
-108.599139037 38.29310375 108.599139037 38.2113339634
-108.437886002 38.7373199198 108.437886002 38.6562944096
-108.27721386 39.2619273107 108.27721386 39.1793539383
-108.11530903 39.7068932857 108.11530903 39.624961689
-107.953565669 40.1506681271 107.953565669 40.0695383225
-107.792191187 40.675817194 107.792191187 40.5930751214
-107.629756554 41.1205091003 107.629756554 41.0384224934
-107.467580903 41.5637950562 107.467580903 41.4826057232
-107.305513977 42.0895456279 107.305513977 42.0066402749
-107.14257968 42.5339942053 107.14257968 42.4517587091
-106.980035158 42.9767112299 106.980035158 42.8955590326
-106.81727506 43.5031532509 106.81727506 43.4200896072
-106.653877856 43.9473643755 106.653877856 43.8649857033
-106.491063664 44.3893094158 106.491063664 44.3084665094
-106.327570054 44.9166569615 106.327570054 44.8334394283
-106.163738726 45.3606493417 106.163738726 45.2781324719
-106.0008068 45.8854548787 106.0008068 45.8014592711
-105.83648683 46.3300750288 105.83648683 46.2467074921
-105.67224968 46.7738621331 105.67224968 46.6912115991
-105.508839851 47.2989506814 105.508839851 47.21480226
-105.344108126 47.7434235298 105.344108126 47.659909444
-105.17948565 48.1870328229 105.17948565 48.1042518588
-105.015626813 48.7123836524 105.015626813 48.6280860008
-104.850504654 49.1567312711 104.850504654 49.0730736409
-104.685522872 49.6001695124 104.685522872 49.5172611404
-104.521241792 50.1257660449 104.521241792 50.0413222773
-104.355753622 50.5699988573 104.355753622 50.4862002607
-104.190429748 51.0132915544 104.190429748 50.9302572883
-104.025754226 51.5391104097 104.025754226 51.454523413
-103.859922282 51.9832391739 103.859922282 51.8993018506
-103.694274847 52.4264035791 103.694274847 52.3432444385
-103.529231223 52.9524233548 103.529231223 52.8676956917
-103.363071982 53.3964682494 103.363071982 53.3123941122
-103.197117424 53.839522282 103.197117424 53.7562380757
-103.031732187 54.3657178144 103.031732187 54.2808518372
-102.865266809 54.8096841036 102.865266809 54.7254748293
-102.699017748 55.2526526843 102.699017748 55.1692422491
-102.533316741 55.778997899 102.533316741 55.6939957477
-102.366557826 56.2229073051 102.366557826 56.1385642898
-102.200030996 56.6657995272 102.200030996 56.5822618089
-102.03403816 57.1922716643 102.03403816 57.1071352511
-101.867003163 57.6361313575 101.867003163 57.5516558816
-101.700202311 58.0789886889 101.700202311 57.9953197552
-101.533944426 58.6055517281 101.533944426 58.520282953
-101.366650018 59.0493670383 101.366650018 58.9647602086
-101.199592385 59.4921910472 101.199592385 59.4083903832
-101.033089331 60.0188297112 101.033089331 59.9334301164
-100.865546325 60.4626177337 100.865546325 60.3778805764
-100.698238594 60.9054351362 100.698238594 60.8214998503
-100.531513159 61.4321205536 100.531513159 61.3465917426
-100.363735432 61.8758877883 100.363735432 61.7910212473
-100.196188009 62.3187124905 100.196188009 62.2346412578
-100.029259561 62.8454243094 100.029259561 62.7597677061
-99.861259502 63.2891785551 99.861259502 63.2041835406
-99.6934820032 63.7320239512 99.6934820032 63.647815913
-99.5263684038 64.2587437279 99.5263684038 64.1729606779
-99.3581606971 64.7024853044 99.3581606971 64.6173627254
-99.1901660676 65.1453540768 99.1901660676 65.061009805
-99.0228816855 65.6720723546 99.0228816855 65.5861640506
-98.8544729464 66.1158184038 98.8544729464 66.0305691558
-98.6862656917 66.5587321884 98.6862656917 66.4742508136
-98.5188274296 67.085427479 98.5188274296 66.9993952559
-98.3502311268 67.529176511 98.3502311268 67.4438014541
-98.1818235265 67.9721350174 98.1818235265 67.8875177209
-98.014243248 68.49880038 98.014243248 68.4126453296
-97.8454678882 68.9425611314 97.8454678882 68.8570611539
-97.6768718652 69.3855630693 97.6768718652 69.3008110739
-97.5091604242 69.9121922558 97.5091604242 69.8259154365
-97.340217056 70.3559660569 97.340217056 70.2703420494
-97.1714391105 70.7990226333 97.1714391105 70.7141368317
-97.0036074825 71.3256063569 97.0036074825 71.2392088731
-96.8345035658 71.7694006848 96.8345035658 71.6836535526
-96.665550708 72.212519327 96.665550708 72.1275007541
-96.4974720399 72.652962276 96.4974720399 72.5701680047
-96.3283547641 73.1828632035 96.3283547641 73.0969938143
-96.1592410397 73.6260327946 96.1592410397 73.5408832614
-95.9907943609 74.0671539708 95.9907943609 73.9835660393
-95.821799969 74.5963461812 95.821799969 74.5103554178
-95.6525305273 75.0395765454 95.6525305273 74.9542972426
-95.4838036986 75.4811339509 95.4838036986 75.3970851897
-95.3148610901 76.0098541178 95.3148610901 75.923742858
-95.145444842 76.4531442728 95.145444842 76.3677366376
-94.976486326 76.8950127686 94.976486326 76.8106585064
-94.8075612029 77.4233857032 94.8075612029 77.3371548169
-94.6380100654 77.8667265711 94.6380100655 77.781192128
-94.4688428751 78.308856753 94.4688428751 78.224268665
-94.2999209066 78.8369428041 94.2999209066 78.7505932251
-94.1302392792 79.2803417888 94.1302392792 79.1946816892
-93.960892475 79.7226675413 93.960892475 79.6378888764
-93.7919610652 80.2505216935 93.7919610652 80.164054219
-93.6221559525 80.6939794077 93.6221559525 80.6081949462
-93.4526453716 81.1364735639 93.4526453716 81.0515253816
-93.283699472 81.6641242069 93.283699472 81.5775396833
-93.1137811282 82.1076327089 93.1137811282 82.0217251575
-92.9441189937 82.5502784476 92.9441189937 82.4651738274
-92.7751553293 83.0777469963 92.7751553293 82.9910462561
-92.6051265789 83.5213145704 92.6051265789 83.4352850747
-92.4353246991 83.9640949977 92.4353246991 83.8788425552
-92.2663416609 84.4913960583 92.2663416609 84.4045799459
-92.0962119575 84.9350148444 92.0962119575 84.8488645298
-91.9262836375 85.3779100641 91.9262836375 85.2925166223
-91.7572783459 85.9050617283 91.7572783459 85.8181309577
-91.5870527215 86.3487337089 91.5870527215 86.262463671
-91.4170018529 86.7917469403 91.4170018529 86.7062166095
-91.247855085 87.2320840365 91.247855085 87.148838333
-91.0776589791 87.7624785528 91.0776589791 87.6760898255
-90.9074973836 88.2055923578 90.9074973836 88.1199291502
-90.7379610601 88.6468610947 90.7379610601 88.5626055484
-90.5680485201 89.1762387183 90.5680485201 89.0897322612
-90.39778597 89.6194413363 90.39778597 89.5336484387
-90.2280023853 90.0612245349 90.2280023853 89.9765172033
-90.0582334397 90.5900159761 90.0582334397 90.5033927647
-89.8878755728 91.0333048575 89.8878755728 90.9473846726
-89.7179100051 91.4754166876 89.7179100051 91.3904416972
-89.5482262814 92.0038079191 89.5482262814 91.9170688336
-89.3777779613 92.4471819695 89.3777779613 92.3611366159
-89.207659697 92.88954633 89.207659697 92.8043688492
-89.0380352541 93.4176201445 89.0380352541 93.3307660972
-88.8675048963 93.8610691672 88.8675048963 93.7749005406
-88.6972569842 94.3036312127 88.6972569842 94.2182826143
-88.5276739359 94.8314452523 88.5276739359 94.7444770428
-88.3570653742 95.274969692 88.3570653742 95.1886794365
-88.1867006331 95.7177033745 88.1867006331 95.6321993179
-88.0171488696 96.2452895562 88.0171488696 96.1582080475
-87.8464694512 96.6888810381 87.8464694512 96.6024706255
-87.6759974193 97.1317695842 87.6759974193 97.0461199835
-87.5064692239 97.6591520895 87.5064692239 97.5719581138
-87.3357256918 98.1028034514 87.3357256918 98.0162741907
-87.1651622777 98.545814728 87.1651622777 98.4600271386
-86.9954279795 98.9864087591 86.9954279795 98.9026316448
-86.8248436462 99.5167355724 86.8248436462 99.4300887118
-86.6541948624 99.9598622776 86.6541948624 99.8739413032
-86.4841086918 100.401359678 86.4841086918 100.316691569
-86.3138278289 100.930683732 86.3138278289 100.843920434
-86.1430992184 101.373919074 86.1430992184 101.287868305
-85.9728123183 101.815869349 85.9728123183 101.730827582
-85.8026890435 102.344638803 85.8026890435 102.257760031
-85.6318880964 102.787972071 85.6318880964 102.701794622
-85.4614423329 103.23025487 85.4614423329 103.144972361
-85.2914291273 103.758612328 85.2914291273 103.671619171
-85.1205637769 104.202030785 85.1205637769 104.115729078
-84.9499958678 104.64454735 84.9499958678 104.559079826
-84.7800605162 105.172590302 84.7800605162 105.085483579
-84.6091332376 105.616094752 84.6091332376 105.529670845
-84.438458495 106.058808246 84.438458495 105.973178396
-84.2685846141 106.58658276 84.2685846141 106.499363403
-84.0976018382 107.030163989 84.0976018382 106.943619656
-83.9268352151 107.473040397 83.9268352151 107.387261836
-83.7570092739 108.000584384 83.7570092739 107.913253192
-83.585976439 108.44423579 83.585976439 108.357572582
-83.4151294582 108.887251173 83.4151294582 108.801332424
-83.2451043631 109.327892586 83.2451043631 109.243947257
-83.074263119 109.858308921 83.074263119 109.771528213
-82.9033412907 110.301454633 82.9033412907 110.2154013
-82.7329758478 110.743008794 82.7329758478 110.658176944
-82.5624620348 111.272393348 82.5624620348 111.18549642
-82.3914781013 111.715643035 82.3914781013 111.629459626
-82.2209180495 112.157673304 82.2209180495 112.072474642
-82.0505823076 112.686479139 82.0505823076 112.599467117
-81.8795394105 113.129830255 81.8795394105 113.043519948
-81.7088406783 113.572174163 81.7088406783 113.486745416
-81.5386264651 114.10056997 81.5386264651 114.013443891
-81.3675275308 114.544019936 81.3675275308 114.45758536
-81.1967198453 114.986596673 81.1967198453 114.900986132
-81.0265972108 115.514667889 81.0265972108 115.427428712
-80.8554515799 115.958199497 80.8554515799 115.871642923
-80.6845482434 116.40097662 80.6845482434 116.31520603
-80.5144988978 116.928772202 80.5144988978 116.841420891
-80.343308616 117.372384662 80.343308616 117.285707947
-80.1723245489 117.81532615 80.1723245489 117.729408435
-80.0023340121 118.342883982 80.0023340121 118.25542139
-79.8311039677 118.786570143 79.8311039677 118.699774911
-79.6600500634 119.229651982 79.6600500634 119.14359532
-79.4896682588 119.670816867 79.4896682588 119.586272005
-79.318841484 120.200754824 79.318841484 120.113842505
-79.1477264965 120.643959088 79.1477264965 120.557769122
-78.977097318 121.08578358 78.977097318 121.000673677
-78.8065246408 121.614938205 78.8065246408 121.527910075
-78.6353558804 122.058250927 78.6353558804 121.97193181
-78.4645709178 122.50046207 78.4645709178 122.415067611
-78.2941566693 123.02912 78.2941566693 122.941977213
-78.1229404048 123.47252997 78.1229404048 123.386084911
-77.9520343029 123.915028503 77.9520343029 123.829430417
-77.7817376591 124.443306038 77.7817376591 124.356049728
-77.6104764372 124.886810183 77.6104764372 124.800241697
-77.4394788631 125.329516494 77.4394788631 125.243749559
-77.2692719439 125.857491194 77.2692719439 125.770122264
-77.0979705934 126.301081808 77.0979705934 126.214392082
-76.9268924751 126.743969301 76.9268924751 126.658049482
-76.7567590708 127.271681785 76.7567590708 127.184201226
-76.58542255 127.715350411 76.58542255 127.628541274
-76.4142760201 128.158390421 76.4142760201 128.072327966
-76.2439073617 128.599208884 76.2439073617 128.514978451
-76.0728348904 129.129615031 76.0728348904 129.042688071
-75.9016293452 129.572786821 75.9016293452 129.486588512
-75.7309519898 130.014465844 75.7309519898 129.929432993
-75.5602098218 130.54387556 75.5602098218 130.456832176
-75.388952911 130.987163287 75.388952911 130.900833965
-75.2181025437 131.429295197 75.2181025437 131.343923172
-75.0475493862 131.958132063 75.0475493862 131.87097351
-74.8762439782 132.40153136 74.8762439782 132.315074598
-74.705272412 132.843965053 74.705272412 132.758373096
-74.5348531477 133.372388739 74.5348531477 133.285116156
-74.3635086394 133.815880242 74.3635086394 133.729299022
-74.1924371831 134.258557123 74.1924371831 134.172787177
-74.0221227515 134.7866461 74.0221227515 134.699260603
-73.8507443068 135.2302204 73.8507443068 135.14351705
-73.6795956651 135.67308168 73.6795956651 135.587155321
-73.5093634193 136.200896325 73.5093634193 136.113398791
-73.3379516779 136.644554727 73.3379516779 136.557731254
-73.1667346274 137.087579113 73.1667346274 137.001507377
-72.9963807856 137.528135538 72.9963807856 137.444167226
-72.8251304439 138.058885567 72.8251304439 137.971943681
-72.653859048 138.502040011 72.653859048 138.415830807
-72.4831500994 138.943607645 72.4831500994 138.858634906
-72.312287832 139.473200939 72.312287832 139.386142091
-72.140965243 139.916480388 72.140965243 139.83013883
-71.9700671501 140.358559792 71.9700671501 140.273198685
-71.7994182774 140.887516423 71.7994182774 140.800342006
-71.6280517765 141.330905086 71.6280517765 141.244435137
-71.4570259138 141.773314728 71.4570259138 141.687719866
-71.2865240667 142.301828627 71.2865240667 142.214539844
-71.1151193703 142.745315179 71.1151193703 142.658719949
-70.9439960538 143.187970281 70.9439960538 143.102192829
-70.7736065307 143.716137025 70.7736065307 143.628734969
-70.6021685472 144.159712299 70.6021685472 144.072994305
-70.4309666016 144.60256336 70.4309666016 144.51662632
-70.2606668152 145.13044151 70.2606668152 145.042927188
-70.0891998583 145.574097869 70.0891998583 145.487259211
-69.9179325075 146.017112113 69.9179325075 145.931028243
-69.7475853913 146.457491378 69.7475853913 146.373705576
-69.5762138908 146.98847307 69.5762138908 146.901515541
-69.4048911354 147.43162708 69.4048911354 147.345404466
-69.2341481222 147.873147847 69.2341481222 147.788197657
-69.0632112539 148.402838876 69.0632112539 148.315764039
-68.8918372973 148.84612382 68.8918372973 148.759767909
-68.7208954689 149.288191803 68.7208954689 149.202825176
-68.550187158 149.817206575 68.550187158 149.730015879
-68.3787731548 150.260597073 68.3787731548 150.174112155
-68.2077048239 150.702998565 68.2077048239 150.617393327
-68.0371489891 151.231561638 68.0371489891 151.144256251
-67.8656998503 151.675048625 67.8656998503 151.588437941
-67.6945358859 152.1176972 67.6945358859 152.031907253
-67.5240963512 152.645907901 67.5240963512 152.558488954
-67.3526134027 153.089490098 67.3526134027 153.002756235
-67.1813691486 153.532344248 67.1813691486 153.446392776
-67.0110244566 154.060256235 67.0110244566 153.972724871
-66.8395159068 154.503916506 66.8395159068 154.417061616
-66.6682089377 154.946932304 66.6682089377 154.860833349
-66.4978194032 155.387325592 66.4978194032 155.303525204
-66.3264060726 155.918333888 66.3264060726 155.831359852
-66.155042814 156.361496028 66.155042814 156.275257514
-65.9842607615 156.803024088 65.9842607615 156.718058582
-65.8132855182 157.332738748 65.8132855182 157.245647125
-65.6418775432 157.776020873 65.6418775432 157.689648862
-65.47089794 158.218097805 65.47089794 158.13271557
-65.3001532317 158.747136073 65.3001532317 158.659928343
-65.1287036998 159.190531847 65.1287036998 159.104030407
-64.9576006977 159.632938123 64.9576006977 159.547316837
-64.787010654 160.161522835 64.787010654 160.074200209
-64.6155249135 160.605021479 64.6155249135 160.518393963
-64.4443244168 161.047683563 64.4443244168 160.961876108
-64.2738546461 161.575907192 64.2738546461 161.488470905
-64.1023413704 162.019490219 64.1023413704 161.932739287
-63.9310625596 162.462357082 63.9310625596 162.37638827
-63.7606886797 162.990282827 63.7606886797 162.902733935
-63.5891485501 163.433950375 63.5891485501 163.347078222
-63.4178099474 163.876974935 63.4178099474 163.790858552
-63.2473745204 164.31742021 63.2473745204 164.233551312
-63.0759498795 164.84839528 63.0759498795 164.761403801
-62.9045571507 165.291564508 62.9045571507 165.205308481
-62.7337317853 165.733141036 62.7337317853 165.648134549
-62.5627426262 166.262831348 62.5627426262 166.175722178
-62.3913039902 166.706126259 62.3913039902 166.619736418
-62.22029568 167.148212067 62.22029568 167.062808263
-62.0495301497 167.677252065 62.0495301497 167.590026579
-61.8780516882 168.120659899 61.8780516882 168.034140585
-61.7069170757 168.563086458 61.7069170757 168.477443738
-61.5363085907 169.091667423 61.5363085907 169.004326982
-61.3647963001 169.535175229 61.3647963001 169.448529739
-61.1935671387 169.977852718 61.1935671387 169.892025287
-61.0230788023 170.506075515 61.0230788023 170.418621298
-60.8515374745 170.949673726 60.8515374745 170.862904726
-60.6802330566 171.392550611 60.6802330566 171.306562377
-60.5098410059 171.920476406 60.5098410059 171.832909491
-60.3382747931 172.364157146 60.3382747931 172.27726685
-60.1669084838 172.80719961 60.1669084838 172.721063705
-59.9964049926 173.247784717 59.9964049926 173.163754458
-59.8250079227 173.778627001 59.8250079227 173.691617297
-59.6535897189 174.221811029 59.6535897189 174.135535737
-59.4827333731 174.663419045 59.4827333731 174.578371294
-59.3117397023 175.193078039 59.3117397023 175.105950514
-59.1402769067 175.636387474 59.1402769067 175.549978578
-58.9692371288 176.078508584 58.9692371288 175.993074277
-58.7984658275 176.607521321 58.7984658275 176.520277483
-58.626965377 177.050940581 58.626965377 176.964402283
-58.4557984204 177.493406393 58.4557984204 177.407737532
-58.2851840031 178.021961229 58.2851840031 177.934602461
-58.1136518375 178.465477382 58.1136518375 178.378812923
-57.9423940776 178.908185792 57.9423940776 178.82233523
-57.7718981147 179.436388984 57.7718981147 179.348916393
-57.6003384588 179.879994112 57.6003384588 179.793206158
-57.4290081695 180.322896757 57.4290081695 180.236886848
-57.2586074432 180.850807304 57.2586074432 180.76322197
-57.0870243 181.294493894 57.0870243 181.207584654
-56.9156343404 181.737558465 56.9156343404 181.651401699
-56.7450744117 182.178262499 56.7450744117 182.094086366
-56.5737087894 182.708978688 56.5737087894 182.621950046
-56.4022688421 183.152182056 56.4022688421 183.065886406
-56.2313728012 183.593861897 56.2313728012 183.508753429
-56.0603915023 184.123450001 56.0603915023 184.036303598
-55.8889092199 184.566774763 55.8889092199 184.480345789
-55.7178337627 185.008956065 55.7178337627 184.923484029
-55.547069089 185.53791532 55.547069089 185.450652679
-55.3755512582 185.981346231 55.3755512582 185.894788022
-55.2043600285 186.423841787 55.2043600285 186.338146095
-55.0337452538 186.952366174 55.0337452538 186.86498853
-54.8621966871 187.395893758 54.8621966871 187.309209563
-54.6909175888 187.838625857 54.6909175888 187.752751397
-54.5204190402 188.366805797 54.5204190402 188.279314333
-54.3488442172 188.810421277 54.3488442172 188.723613713
-54.1774948819 189.253343433 54.1774948819 189.167311098
-54.0070901494 189.781235347 54.0070901494 189.69363115
-53.835489785 190.224938298 53.835489785 190.138009575
-53.6640833171 190.668017231 53.6640833171 190.581838828
-53.4934471614 191.10891274 53.4934471614 191.024537445
-53.3221371607 191.639435758 53.3221371607 191.55238772
-53.1506823625 192.082651002 53.1506823625 191.996334249
-52.9797455022 192.524416589 52.9797455022 192.439242971
-52.8087849004 193.053918228 52.8087849004 192.966752503
-52.6372854865 193.497261644 52.6372854865 193.410811806
-52.4661873425 193.939476676 52.4661873425 193.853970831
-52.295430087 194.468391552 52.295430087 194.381109586
-52.1238961914 194.911840218 52.1238961914 194.825261493
-51.9526812159 195.354373349 51.9526812159 195.268649011
-51.7820721462 195.882857393 51.7820721462 195.795460558
-51.6105092537 196.326399642 51.6105092537 196.239695155
-51.4392098952 196.769161028 51.4392098952 196.683261265
-51.2687143518 197.297308535 51.2687143518 197.209797934
-51.0971264411 197.740937054 51.0971264411 197.654109388
-50.9257593058 198.183883324 50.9257593058 198.097827434
-50.7553556922 198.711748223 50.7553556922 198.624124939
-50.5837433545 199.155462903 50.5837433545 199.068514237
-50.4123210153 199.598562332 50.4123210153 199.512361428
-50.2416214215 200.039618626 50.2416214215 199.955075643
-50.0703636116 200.569968469 50.0703636116 200.482900623
-49.8988907119 201.013210585 49.8988907119 200.926871819
-49.7279209876 201.455045845 49.7279209876 201.369812301
-49.5569833026 201.984462614 49.5569833026 201.897277196
-49.3854712327 202.427820923 49.3854712327 202.34134975
-49.2143428562 202.870097994 49.2143428562 202.784553265
-49.0436016057 203.398947642 49.0436016057 203.311646153
-48.8720566612 203.842408276 48.8720566612 203.755808558
-48.7008223969 204.284974026 48.7008223969 204.199221007
-48.5302217469 204.813416318 48.5302217469 204.725999979
-48.3586450549 205.256978125 48.3586450549 205.170252932
-48.1873300249 205.699763224 48.1873300249 205.613837855
-48.0168402204 206.227876251 48.0168402204 206.140346246
-47.8452397292 206.671522414 47.8452397292 206.584674294
-47.6738548558 207.11449839 47.6738548558 207.028418083
-47.5034564262 207.642329112 47.5034564262 207.554686605
-47.3318361965 208.086051696 47.3318361965 207.999082747
-47.1603976555 208.529178133 47.1603976555 208.442954059
-46.9896337553 208.970404185 46.9896337553 208.885697171
-46.8184333066 209.500569146 46.8184333066 209.413481236
-46.6469502701 209.943824155 46.6469502701 209.857463195
-46.4759442233 210.385745319 46.4759442233 210.300450485
-46.3050343139 210.915067216 46.3050343139 210.827861891
-46.1335095648 211.358445381 46.1335095648 211.271952423
-45.96236167 211.800760199 45.96236167 211.715180398
-45.7916353998 212.329554395 45.7916353998 212.242233077
-45.6200786323 212.773034028 45.6200786323 212.686412991
-45.4488239035 213.215640488 45.4488239035 213.129857609
-45.2782357806 213.7440328 45.2782357806 213.656596843
-45.1066522028 214.18760295 45.1066522028 214.100856796
-44.9353193323 214.630422796 44.9353193323 214.544471055
-44.7648385653 215.158495526 44.7648385653 215.07094602
-44.5932286723 215.602156551 44.5932286723 215.515287756
-44.4218290413 216.045159597 44.4218290413 215.959054776
-44.251437495 216.572955453 44.251437495 216.485293581
-44.0798088882 217.016691286 44.0798088882 216.929701899
-43.9083574885 217.459840748 43.9083574885 217.373593324
-43.7375388948 217.901212435 43.7375388948 217.816369458
-43.5663907647 218.431213265 43.5663907647 218.344105127
-43.3948963848 218.874488361 43.3948963848 218.788104859
-43.2238593712 219.316484123 43.2238593712 219.231133457
-43.0529774 219.845715387 43.0529774 219.758490022
-42.881442614 220.289111257 42.881442614 220.202596362
-42.710272414 220.731475866 42.710272414 220.64585972
-42.5395649267 221.260206227 42.5395649267 221.17286504
-42.3679992323 221.703701727 42.3679992323 221.617059214
-42.19672689 222.14634547 42.19672689 222.060533146
-42.0261525238 222.674687954 42.0261525238 222.587232288
-41.8545576252 223.118279964 41.8545576252 223.031512691
-41.6832108722 223.561127376 41.6832108722 223.475149226
-41.5127409177 224.089157737 41.5127409177 224.00158868
-41.3411241487 224.53283122 41.3411241487 224.445941613
-41.1697122011 224.975858876 41.1697122011 224.889729518
-40.99930718 225.416004914 40.99930718 225.332470273
-40.8276940582 225.947366749 40.8276940582 225.860356824
-40.6562319742 226.390537518 40.6562319742 226.304266711
-40.4853662119 226.832036132 40.4853662119 226.747078879
-40.3142661176 227.36188987 40.3142661176 227.274761437
-40.1427586588 227.805192513 40.1427586588 227.718786271
-39.9716951885 228.247253132 39.9716951885 228.161851101
-39.8008410939 228.776397419 39.8008410939 228.689151971
-39.6292983732 229.219809202 39.6292983732 229.133272315
-39.4581029537 229.662234773 39.4581029537 229.576581649
-39.2874173109 230.190894208 39.2874173109 230.103533199
-39.1158415966 230.634410599 39.1158415966 230.547746496
-38.9445548247 231.077085873 38.9445548247 230.991244439
-38.7739953951 231.605377651 38.7739953951 231.517902267
-38.6023946087 232.048982018 38.6023946087 231.962193586
-38.4310308392 232.491868386 38.4310308392 232.405863464
-38.2605739333 233.019851783 38.2605739333 232.932263247
-38.0889523347 233.463535683 38.0889523347 233.376625237
-37.9175300111 233.906586005 37.9175300111 233.820432196
-37.7469992891 234.347096541 37.7469992891 234.263142303
-37.5755133513 234.878075414 37.5755133513 234.791044981
-37.4040389998 235.321273528 37.4040389998 235.234979085
-37.2331335534 235.762879239 37.2331335534 235.677824334
-37.0620784124 236.292597976 37.0620784124 236.205449235
-36.8905635606 236.735917128 36.8905635606 236.64948831
-36.7194692538 237.17805793 36.7194692538 237.092604656
-36.5486456632 237.707108679 36.5486456632 237.619843218
-36.3770933851 238.15054222 36.3770933851 238.063983254
-36.2058815248 238.593007076 36.2058815248 238.507320149
-36.0352157294 239.121604852 36.0352157294 239.034223972
-35.8636346986 239.565134073 35.8636346986 239.478448465
-35.6923295325 240.007854307 35.6923295325 239.921983423
-35.5217870667 240.536090882 35.5217870667 240.448595895
-35.3501820581 240.97970599 35.3501820581 240.892896443
-35.1788074353 241.422618181 35.1788074353 241.336587437
-35.0083625662 241.950560434 35.0083625662 241.862952394
-34.8367338312 242.394262351 34.8367338312 242.307331167
-34.665298925 242.837342759 34.665298925 242.751164295
-34.4946835077 243.278096437 34.4946835077 243.193860981
-34.3232907595 243.808799839 34.3232907595 243.721748928
-34.1518090496 244.252016078 34.1518090496 244.165698442
-33.9808593394 244.693745084 33.9808593394 244.608596866
-33.8098507896 245.223324326 33.8098507896 245.136155436
-33.6383264414 245.666666804 33.6383264414 245.580215402
-33.467211422 246.108861104 33.467211422 246.023363912
-33.2964145491 246.637833042 33.2964145491 246.550547612
-33.1248571972 247.081280362 33.1248571972 246.994699563
-32.9536243147 247.523799533 32.9536243147 247.438078522
-32.782980351 248.052330763 32.782980351 247.964930211
-32.6113919853 248.495879103 32.6113919853 248.409172098
-32.4400755946 248.938627288 32.4400755946 248.85272846
-32.2695487646 249.466815025 32.2695487646 249.379300503
-32.0979370388 249.910448466 32.0979370388 249.823617957
-31.9265490965 250.353394193 31.9265490965 250.267337384
-31.7561183767 250.881289789 31.7561183767 250.793662498
-31.5844841331 251.325007353 31.5844841331 251.23805556
-31.4130422184 251.768105859 31.4130422184 251.681903342
-31.2423419893 252.209107209 31.2423419893 252.124617806
-31.0710394084 252.739541809 31.0710394084 252.652470608
-30.8995480545 253.182782985 30.8995480545 253.096442115
-30.7285680986 253.624595398 30.7285680986 253.539374746
-30.5575984227 254.154062055 30.5575984227 254.066873097
-30.3860690266 254.597419365 30.3860690266 254.510945727
-30.2149282393 255.039683408 30.2149282393 254.954142277
-30.0441600806 255.568570917 30.0441600806 255.481265743
-29.8725954005 256.012038507 29.8725954005 255.92543598
-29.7013492864 256.454592362 29.7013492864 256.368839888
-29.530725052 256.983065519 29.530725052 256.895645389
-29.3591334427 257.426625533 29.3591334427 257.339897362
-29.1878014661 257.869415125 29.1878014661 257.783488226
-29.0172918342 258.397550047 29.0172918342 258.310016243
-28.8456745407 258.841200518 28.8456745407 258.754349249
-28.6742787809 259.28416759 28.6742787809 259.198085685
-28.5038609629 259.812022157 28.5038609629 259.724375717
-28.332224883 260.2557492 28.332224883 260.168776994
-28.1607720139 260.698877628 28.1607720139 260.612651182
-27.9900020527 261.140082815 27.9900020527 261.05539512
-27.8187766851 261.670289067 27.8187766851 261.583197816
-27.6472804561 262.113545329 27.6472804561 262.027181763
-27.4762651043 262.555457912 27.4762651043 262.470166883
-27.3053359918 263.084806574 27.3053359918 262.997597853
-27.133799046 263.528185666 27.133799046 263.441689949
-26.9626356225 263.970511524 26.9626356225 263.884929353
-26.7918955934 264.4993174 26.7918955934 264.41199273
-26.6203280956 264.942796085 26.6203280956 264.856172152
-26.4490641455 265.385398613 26.4490641455 265.299614488
-26.2784613704 265.913808716 26.2784613704 265.826369321
-26.1068641939 266.357386512 26.1068641939 266.270637395
-25.9355186721 266.800212878 25.9355186721 266.714258517
-25.7650265403 267.328294845 25.7650265403 267.240742014
-25.5934079011 267.771953963 25.5934079011 267.685082158
-25.4220003618 268.214953843 25.4220003618 268.128846856
-25.2515968218 268.742763628 25.2515968218 268.655098355
-25.0799566761 269.186505725 25.0799566761 269.099513371
-24.9084944906 269.629660565 24.9084944906 269.543410489
-24.7376763003 270.071005934 24.7376763003 269.98617776
-24.5665111178 270.601038924 24.5665111178 270.513927795
-24.3950064777 271.044320052 24.3950064777 270.957933933
-24.2239600744 271.486320685 24.2239600744 271.400967673
-24.0530692203 272.015559233 24.0530692203 271.928330986
-23.8815255701 272.458958995 23.8815255701 272.372441477
-23.7103469703 272.901327302 23.7103469703 272.815708773
-23.5396315556 273.430064028 23.5396315556 273.342720022
-23.368057903 273.873562763 23.368057903 273.786917665
-23.1967779799 274.316209641 23.1967779799 274.230394954
-23.0261964798 274.844557898 23.0261964798 274.757099494
-22.8545978222 275.288145205 22.8545978222 275.201375427
-22.6832435094 275.730997806 22.6832435094 275.645017436
-22.512766853 276.259034498 22.512766853 276.17146279
-22.3411435632 276.702711 22.3411435632 276.615818981
-22.1697254462 277.145741452 22.1697254462 277.059609893
-21.9993146093 277.585890115 21.9993146093 277.502353492
-21.8276958271 278.117256837 21.8276958271 278.0302446
-21.6562283574 278.560429904 21.6562283574 278.474156978
-21.4853574607 279.001930742 21.4853574607 278.916971562
-21.3142524457 279.531788866 21.3142524457 279.44465824
-21.1427403181 279.975093491 21.1427403181 279.888685237
-20.9716723928 280.417156049 20.9716723928 280.331752184
-20.8008140237 280.946304305 20.8008140237 280.8590568
-20.6292673194 281.389717823 20.6292673194 281.303179053
-20.4580681086 281.832145105 20.4580681086 281.746490266
-20.287378797 282.360808129 20.287378797 282.273445218
-20.1157997618 282.804326055 20.1157997618 282.717660216
-19.9445098467 283.247002851 19.9445098467 283.161159844
-19.7739473304 283.775297864 19.7739473304 283.687820751
-19.6023438691 284.2189036 19.6023438691 284.132113601
-19.4309775932 284.661791337 19.4309775932 284.575785007
-19.26051817 285.18977763 19.26051817 285.102187558
-19.0888912735 285.633469862 19.0888912735 285.546558056
-18.917467748 286.076519244 18.917467748 285.990364136
-18.7469353954 286.51703006 18.7469353954 286.433074678
-18.5754481597 287.048010823 18.5754481597 286.960979209
-18.4039726679 287.491209714 18.4039726679 287.404914233
-18.233057361 287.932842146 18.233057361 287.847775351
-18.0620069646 288.462543527 18.0620069646 288.375393909
-17.8904921226 288.905861797 17.8904921226 288.81943215
-17.7193976044 289.348002738 17.7193976044 289.262548781
-17.5485737903 289.8770547 17.5485737903 289.789788582
-17.3770217059 290.320488902 17.3770217059 290.233929434
-17.2058101428 290.762954594 17.2058101428 290.677267337
-17.0351446642 291.291553679 17.0351446642 291.204172482
-16.8635644841 291.735083871 16.8635644841 291.648398131
-16.6922603318 292.177805222 16.6922603318 292.091934408
-16.5217188874 292.706042969 16.5217188874 292.618548083
-16.3501121748 293.149666691 16.3501121748 293.062857459
-16.1787401339 293.59257792 16.1787401339 293.506547648
-16.0082974229 294.120520149 16.0082974229 294.032912738
-15.8366714214 294.564223086 15.8366714214 294.477292768
-15.6652394752 295.007304935 15.6652394752 294.92112762
-15.4946120684 295.448106794 15.4946120684 295.363835764
-15.3232349215 295.978771212 15.3232349215 295.891721941
-15.1517579548 296.421987759 15.1517579548 296.335672037
-14.980812994 296.863718556 14.980812994 296.778572665
-14.8098096114 297.393297886 14.8098096114 297.306131543
-14.6382910693 297.836643246 14.6382910693 297.750194884
-14.4671823804 298.27884111 14.4671823804 298.193347532
-14.2963924787 298.80781351 14.2963924787 298.720531927
-14.1248429741 299.251265286 14.1248429741 299.164689021
-13.9536187385 299.693789775 13.9536187385 299.608074095
-13.7829843582 300.222321697 13.7829843582 300.134926769
-13.611406689 300.665876538 13.611406689 300.579176119
-13.4401021491 301.108632428 13.4401021491 301.022741303
-13.2695885822 301.636821195 13.2695885822 301.549314764
-13.097991533 302.080464027 13.097991533 301.993642962
-12.9266199211 302.523420858 12.9266199211 302.437375074
-12.7562076729 303.051318046 12.7562076729 302.963702301
-12.5845969547 303.495042158 12.5845969547 303.408103806
-12.4131770511 303.938158781 12.4131770511 303.851972051
-12.2425022207 304.379180007 12.2425022207 304.294708993
-12.0712280192 304.909618265 12.0712280192 304.822566247
-11.8997721186 305.352873733 11.8997721186 305.26655549
-11.7288268301 305.794717357 11.7288268301 305.709523029
-11.5578972346 306.324190295 11.5578972346 306.237028645
-11.3864159612 306.767573128 11.3864159612 306.681131575
-11.2153305596 307.20986379 11.2153305596 307.124363005
-11.0446166666 307.738770543 11.0446166666 307.651504222
-10.8731216511 308.182272571 10.8731216511 308.095715821
-10.7019502613 308.624876637 10.7019502613 308.539179275
-10.5314054704 309.153371942 10.5314054704 309.066007311
-10.3599100544 309.59698934 10.3599100544 309.510326472
-10.1886922272 310.03983221 10.1886922272 309.953984502
-10.0182948947 310.568005975 10.0182948947 310.48055142
-9.84681506266 311.011740998 9.84681506266 310.924983161
-9.67557567376 311.454804697 9.67557567376 311.368834315
-9.50532277635 311.982705432 9.50532277635 311.895172631
-9.3338835031 312.426556305 9.3338835031 312.339717967
-9.16265783157 312.869819083 9.16265783157 312.78375201
-8.99220862759 313.310991539 8.99220862759 313.226664656
-8.82118817413 313.841468709 8.82118817413 313.754569483
-8.65001678358 314.284927063 8.65001678358 314.19879162
-8.47940652051 314.726969965 8.47940652051 314.64200919
-8.30882925406 315.256538399 8.30882925406 315.169605597
-8.13776409889 315.700203697 8.13776409889 315.61403523
-7.96716425005 316.142785075 7.96716425005 316.057623869
-7.79695608123 316.671841514 7.79695608123 316.58491358
-7.62606597617 317.115745744 7.62606597617 317.029591711
-7.45559954908 317.558768276 7.45559954908 317.473563885
-7.2857854169 318.087487561 7.28578541691 318.000619096
-7.11516827511 318.531680817 7.11516827511 318.445607207
-6.94496959163 318.97513581 6.94496959163 318.890001871
-6.77563246121 319.50363242 6.77563246121 319.416901399
-6.60542704101 319.948193174 6.60542704101 319.862293149
-6.435663267 320.392143679 6.435663267 320.307205692
-6.26694880583 320.920509094 6.26694880583 320.834027308
-6.0973553334 321.365549279 6.0973553334 321.279955403
-5.92825886194 321.810109327 5.92825886194 321.725532903
-5.76038943832 322.338443371 5.76038943832 322.25237103
-5.59168898011 322.784138573 5.59168898011 322.69904021
-5.42358949526 323.229481438 5.42358949526 323.145496309
-5.25689247522 323.757906611 5.25689247522 323.672473249
-5.08948256586 324.204517329 5.08948256586 324.1201852
-4.92284311909 324.650908306 4.92284311909 324.567838594
-4.75779120623 325.179582786 4.75779120623 325.095116779
-4.59224168915 325.62746578 4.59224168915 325.544286209
-4.42771402492 326.0752887 4.42771402492 325.993595705
-4.2649731882 326.604439261 4.2649731882 326.521408513
-4.10208022408 327.054103932 4.10208022408 326.972626197
-3.94057828999 327.503883299 3.94057828999 327.42422638
-3.78106205251 328.033856557 3.78106205251 327.952923593
-3.6219231276 328.486009418 3.6219231276 328.407009391
-3.46475103702 328.938308056 3.46475103703 328.861664197
-3.30963932311 329.469752585 3.30963932311 329.391845572
-3.15574363197 329.9253143 3.15574363197 329.849879485
-3.00502219587 330.455970104 3.00502219587 330.37959237
-2.85543798455 330.914741812 2.85543798455 330.841141515
-2.70881663038 331.37460273 2.70881663038 331.304289673
-2.56545566497 331.907764154 2.56545566497 331.836574115
-2.42449792797 332.372050125 2.42449792797 332.304500301
-2.28774987232 332.905331738 2.28774987232 332.837186281
-2.15365364253 333.374379508 2.15365364253 333.31036531
-2.02444648372 333.908410056 2.02444648372 333.844012302
-1.89836439295 334.382764811 1.89836439295 334.323069638
-1.777696505 334.917988417 1.777696505 334.858102777
-1.66070093079 335.398194851 1.66070093079 335.343643237
-1.54948170537 335.935027976 1.54948170537 335.880458925
-1.4425181784 336.421360802 1.4425181784 336.372812757
-1.34139841231 336.960327769 1.34139841231 336.911884708
-1.24552914583 337.45100707 1.24552914583 337.410137109
-1.15449015665 337.994241904 1.15449015665 337.952696089
-1.06947818118 338.534237059 1.06947818118 338.493065257
-0.989458105058 339.034961201 0.989458105058 339.001372
-0.914480743987 339.578932919 0.914480743987 339.545383933
-0.845128126333 340.120615248 0.845128126333 340.08755515
-0.780730906795 340.661383606 0.780730906795 340.628747593
-0.720320162289 341.173933718 0.720320162289 341.148928116
-0.66489114355 341.71805416 0.66489114355 341.693609608
-0.614126500005 342.260737368 0.614126500005 342.236739748
-0.567287688824 342.802391037 0.567287688824 342.778733054
-0.523857400646 343.34321359 0.523857400646 343.319829195
-0.483230969609 343.864769401 0.483230969609 343.849314762
-0.446720885885 344.410023327 0.446720885885 344.395180077
-0.413732238343 344.953359715 0.413732238343 344.938842419
-0.383466675288 345.4954698 0.383466675288 345.481174387
-0.355503220291 346.036661855 0.355503220291 346.022537073
-0.329557445313 346.577112917 0.329557445313 346.563127923
-0.305413246795 347.116939424 0.305413246795 347.103073341
-0.28289588894 347.65622477 0.28289588894 347.642462358
-0.261858777713 348.195032215 0.261858777713 348.18136176
-0.242444744716 348.725317504 0.242444744716 348.720114425
-0.226522055527 349.270213042 0.226522055527 349.265332732
-0.212340236636 349.812562481 0.212340236636 349.807795252
-0.199363206404 350.353640894 0.199363206404 350.348942866
-0.187380692654 350.893851604 0.187380692654 350.889204289
-0.176263839021 351.433392676 0.176263839021 351.428785885
-0.16591878205 351.972382794 0.16591878205 351.967810022
-0.156271042775 352.51090187 0.156271042775 352.506358557
-0.147258622709 353.049007974 0.147258622709 353.044490715
-0.138828375826 353.586745617 0.138828375826 353.582251751
-0.130933858337 354.124150275 0.130933858337 354.119677649
-0.123533936389 354.661251063 0.123533936389 354.656797891
-0.116591822034 355.198072433 0.116591822034 355.193637202
-0.110074370358 355.734635292 0.110074370358 355.730216698
-0.103951545907 356.27095778 0.103951545907 356.266554687
-0.0981960045247 356.807055833 0.0981960045248 356.802667235
-0.0927827571953 357.342943581 0.0927827571953 357.338568587
-0.0876888941856 357.878633672 0.0876888941857 357.874271478
-0.0828933548595 358.414137499 0.0828933548596 358.409787381
-0.0783767329185 358.949465395 0.0783767329185 358.945126693
-0.0741211097095 359.484626783 0.0741211097095 359.480298894
-0.0701099101619 360.019630292 0.070109910162 360.015312664
-0.0663277772493 360.554483864 0.0663277772494 360.550175988
-0.0627604618147 361.089194833 0.0627604618148 361.084896236
-0.0593947252843 361.623769994 0.0593947252843 361.619480239
-0.0562182532987 362.158215663 0.0562182532987 362.153934344
-0.0532195786751 362.692537729 0.0532195786752 362.688264465
-0.0503880124028 363.226741691 0.0503880124028 363.222476128
-0.0477135816038 363.760832702 0.0477135816039 363.756574506
-0.0451869735697 364.294815597 0.0451869735697 364.290564455
-0.042799485124 364.828694924 0.0427994851241 364.824450542
-0.0405429766813 365.362474966 0.0405429766814 365.358237066
-0.0384098304599 365.896159765 0.0384098304599 365.891928085
-0.0363929123875 366.429753143 0.0363929123875 366.425527434
-0.0344855373008 366.963258714 0.0344855373008 366.959038743
-0.0326814370911 367.496679906 0.0326814370912 367.492465449
-0.0309747314959 368.030019972 0.030974731496 368.025810818
-0.0293599012713 368.563282001 0.0293599012713 368.55907795
-0.0278317635132 369.096468933 0.0278317635133 369.092269793
-0.0263854489232 369.629583567 0.0263854489233 369.625389155
-0.0250163808365 370.16262857 0.0250163808365 370.158438713
-0.0237202558515 370.695606488 0.0237202558515 370.69142102
-0.0224930259181 371.228519751 0.0224930259181 371.224338513
-0.021330881755 371.76137068 0.0213308817551 371.757193522
-0.0202302374827 372.294161499 0.0202302374827 372.289988275
-0.0191877163672 372.826894333 0.0191877163672 372.822724905
-0.0182001375842 373.35957122 0.0182001375842 373.355405454
-0.017264503917 373.892194112 0.017264503917 373.888031882
-0.0163779903149 374.424764883 0.016377990315 374.420606065
-0.0155379332418 374.957285329 0.0155379332418 374.953129807
-0.0147418207538 375.489757179 0.0147418207538 375.485604839
-0.0139872832489 376.022182091 0.0139872832489 376.018032826
-0.0132720848374 376.554561661 0.0132720848374 376.550415365
-0.012594115286 377.086897424 0.012594115286 377.082753997
-0.0119513824925 377.619190856 0.0119513824925 377.615050202
-0.0113420054523 378.151443381 0.0113420054523 378.147305407
-0.0107642076809 378.683656368 0.0107642076809 378.679520985
-0.0102163110589 379.21583114 0.0102163110589 379.21169826
-0.00969673006971 379.74796897 0.00969673006972 379.74383851
-0.00920396640212 380.280071087 0.00920396640213 380.275942967
-0.00873660389235 380.812138676 0.00873660389235 380.808012818
-0.00829330378164 381.344172883 0.00829330378165 381.340049213
-0.00787280026813 381.876174814 0.00787280026814 381.872053258
-0.00747389633265 382.408145536 0.00747389633266 382.404026025
-0.00709545982019 382.940086083 0.00709545982019 382.935968549
-0.00673641975978 383.471997452 0.00673641975978 383.46788183
-0.00639576290705 384.003880609 0.00639576290705 383.999766835
-0.00607253049471 384.535736488 0.00607253049472 384.531624501
-0.0057658151775 385.067565992 0.0057658151775 385.063455733
-0.00547475815882 385.599369996 0.00547475815882 385.595261408
-0.00519854648754 386.131149347 0.00519854648754 386.127042375
-0.00493641051397 386.662904866 0.00493641051398 386.658799455
-0.00468762149494 387.194637347 0.00468762149494 387.190533445
-0.00445148933855 387.726347559 0.00445148933856 387.722245116
-0.00422736047995 388.258036249 0.00422736047996 388.253935216
-0.00401461587981 388.78970414 0.00401461587982 388.78560447
-0.00381266913806 389.321351934 0.00381266913807 389.31725358
-0.00362096471571 389.852980311 0.00362096471571 389.848883228
-0.00343897625816 390.38458993 0.00343897625816 390.380494076
-0.00326620501387 390.916181431 0.00326620501387 390.912086764
-0.00310217834255 391.447755437 0.00310217834255 391.443661915
-0.00294644830756 391.979312549 0.00294644830756 391.975220133
-0.00279859034741 392.510853353 0.00279859034741 392.506762005
-0.0026582020217 393.042378417 0.0026582020217 393.038288099
-0.00252490182708 393.573888293 0.00252490182708 393.569798969
-0.00239832807908 394.105383516 0.00239832807908 394.101295152
-0.00227813785598 394.636864608 0.00227813785598 394.632777169
-0.00216400600101 395.168332074 0.00216400600101 395.164245526
-0.00205562417965 395.699786405 0.00205562417965 395.695700716
-0.00195269998864 396.231228078 0.00195269998864 396.227143218
-0.00185495611384 396.762657558 0.00185495611384 396.758573495
-0.00176212953416 397.294075296 0.00176212953416 397.289992001
-0.00167397076879 397.825481729 0.00167397076879 397.821399173
-0.00159024316539 398.356877285 0.00159024316539 398.35279544
-0.00151072222685 398.888262378 0.00151072222685 398.884181217
-0.00143519497447 399.41963741 0.00143519497447 399.415556906
-0.00136345934544 399.951002773 0.00136345934544 399.946922902
-0.00129532362281 400.48235885 0.00129532362281 400.478279585
-0.00123060589598 401.013706009 0.00123060589598 401.009627327
-0.00116913355019 401.545044613 0.00116913355019 401.540966489
-0.0011107427832 402.076375011 0.0011107427832 402.072297423
-0.00105527814779 402.607697546 0.00105527814779 402.603620471
-0.0010025921186 403.139012549 0.0010025921186 403.134935965
-0.000952544681995 403.670320343 0.000952544681996 403.666244229
-0.000905002947634 404.201621243 0.000905002947635 404.197545579
-0.000859840780619 404.732915554 0.000859840780619 404.728840319
-0.000816938453056 405.264203575 0.000816938453056 405.26012875
-0.000776182313991 405.795485594 0.000776182313991 405.79141116
-0.000737464476703 406.326761895 0.000737464476703 406.322687833
-0.000700682522435 406.858032751 0.000700682522435 406.853959044
-0.000665739219651 407.38929843 0.000665739219651 407.385225059
-0.000632542257997 407.920559192 0.000632542257997 407.91648614
-0.000601003996167 408.451815289 0.000601003996168 408.447742541
-0.000571041222929 408.983066968 0.000571041222929 408.978994506
-0.000542574930601 409.514314469 0.000542574930601 409.510242278
-0.00051553010032 410.045558025 0.00051553010032 410.04148609
-0.000489835498464 410.576797864 0.000489835498464 410.572726169
-0.000465423483641 411.108034206 0.000465423483642 411.103962738
-0.000442229823678 411.639267267 0.000442229823679 411.63519601
-0.000420193522083 412.170497255 0.000420193522083 412.166426198
-0.000399256653473 412.701724377 0.000399256653474 412.697653504
-0.000379364207504 413.232948829 0.000379364207504 413.228878127
-0.000360463940838 413.764170804 0.000360463940838 413.760100262
-0.000342506236746 414.295390492 0.000342506236747 414.291320097
-0.000325443971923 414.826608075 0.000325443971924 414.822537815
-0.00030923239015 415.357823731 0.00030923239015 415.353753594
-0.000293828982438 415.889037634 0.000293828982438 415.884967608
-0.000279193373326 416.420249952 0.000279193373326 416.416180027
-0.00026528721299 416.951460849 0.00026528721299 416.947391014
-0.000252074074883 417.482670486 0.000252074074883 417.47860073
-0.000239519358602 418.013879018 0.000239519358602 418.009809331
-0.000227590197718 418.545086595 0.000227590197718 418.541016967
-0.000216255372308 419.076293366 0.000216255372308 419.072223788
-0.000205485225944 419.607499473 0.000205485225945 419.603429935
-0.000195251586918 420.138705056 0.000195251586918 420.134635549
-0.000185527693463 420.669910251 0.000185527693463 420.665840765
-0.000176288122789 421.201115188 0.000176288122789 421.197045716
-0.000167508723715 421.732319996 0.000167508723715 421.728250529
-0.000159166552729 422.2635248 0.000159166552729 422.25945533
-0.000151239813286 422.794729721 0.000151239813286 422.790660239
-0.000143707798183 423.325934877 0.000143707798183 423.321865376
-0.00013655083486 423.857140382 0.000136550834861 423.853070855
-0.000129750233463 424.388346348 0.000129750233463 424.384276787
-0.000123288237534 424.919552882 0.000123288237534 424.91548328
-0.0001171479772 425.450760091 0.0001171479772 425.446690441
-0.000111313424722 425.981968076 0.000111313424722 425.977898371
-0.00010576935229 426.513176936 0.00010576935229 426.509107171
-0.000100501291947 427.044386768 0.000100501291947 427.040316935
-9.54954975337e-05 427.575597665 9.54954975338e-05 427.571527759
-9.07389085552e-05 428.106809719 9.07389085553e-05 428.102739734
-8.62191158617e-05 428.638023018 8.62191158617e-05 428.633952947
-8.19243290616e-05 429.169237647 8.19243290616e-05 429.165167485
-7.78433455734e-05 429.70045369 7.78433455735e-05 429.696383432
-7.39655212331e-05 430.231671227 7.39655212331e-05 430.227600867
-7.02807423806e-05 430.762890336 7.02807423807e-05 430.75881987
-6.67793993482e-05 431.294111094 6.67793993482e-05 431.290040516
-6.34523612804e-05 431.825333575 6.34523612804e-05 431.82126288
-6.02909522181e-05 432.356557849 6.02909522181e-05 432.352487033
-5.72869283833e-05 432.887783986 5.72869283833e-05 432.883713044
-5.44324566023e-05 433.419012052 5.44324566024e-05 433.41494098
-5.17200938119e-05 433.950242114 5.17200938119e-05 433.946170907
-4.91427675917e-05 434.481474233 4.91427675917e-05 434.477402888
-4.66937576723e-05 435.012708471 4.66937576723e-05 435.008636984
-4.43666783703e-05 435.543944887 4.43666783703e-05 435.539873253
-4.21554619011e-05 436.075183537 4.21554619011e-05 436.071111753
-4.00543425285e-05 436.606424478 4.00543425285e-05 436.60235254
-3.80578415062e-05 437.137667762 3.80578415062e-05 437.133595666
-3.61607527733e-05 437.66891344 3.61607527733e-05 437.664841184
-3.43581293644e-05 438.200161564 3.43581293644e-05 438.196089144
-3.26452704993e-05 438.73141218 3.26452704993e-05 438.727339593
-3.1017709318e-05 439.262665336 3.1017709318e-05 439.258592578
-2.9471201228e-05 439.793921076 2.9471201228e-05 439.789848145
-2.80017128339e-05 440.325179443 2.80017128339e-05 440.321106337
-2.66054114198e-05 440.85644048 2.66054114198e-05 440.852367195
-2.52786549565e-05 441.387704226 2.52786549565e-05 441.38363076
-2.40179826075e-05 441.91897072 2.40179826075e-05 441.91489707
-2.28201057089e-05 442.45024 2.28201057089e-05 442.446166164
-2.16818991989e-05 442.981512101 2.16818991989e-05 442.977438076
-2.0600393475e-05 443.512787058 2.0600393475e-05 443.508712842
-1.9572766657e-05 444.044064904 1.9572766657e-05 444.039990495
-1.85963372364e-05 444.57534567 1.85963372364e-05 444.571271066
-1.7668557091e-05 445.106629388 1.7668557091e-05 445.102554587
-1.67870048486e-05 445.637916086 1.67870048486e-05 445.633841086
-1.5949379581e-05 446.169205793 1.5949379581e-05 446.165130592
-1.51534948119e-05 446.700498534 1.51534948119e-05 446.696423131
-1.43972728241e-05 447.231794337 1.43972728241e-05 447.22771873
-1.3678739249e-05 447.763093225 1.3678739249e-05 447.759017412
-1.29960179268e-05 448.294395222 1.29960179268e-05 448.290319202
-1.23473260214e-05 448.825700351 1.23473260214e-05 448.821624121
-1.17309693794e-05 449.357008631 1.17309693794e-05 449.352932191
-1.11453381196e-05 449.888320084 1.11453381196e-05 449.884243432
-1.05889024421e-05 450.419634728 1.05889024421e-05 450.415557864
-1.00602086463e-05 450.950952582 1.00602086463e-05 450.946875504
-9.55787534628e-06 451.482273662 9.55787534628e-06 451.478196369
-9.08058987539e-06 452.013597986 9.08058987539e-06 452.009520477
-8.62710486891e-06 452.544925568 8.62710486891e-06 452.540847842
-8.19623501737e-06 453.076256422 8.19623501737e-06 453.072178478
-7.78685398062e-06 453.607590563 7.78685398062e-06 453.6035124
-7.39789145589e-06 454.138928002 7.39789145589e-06 454.134849619
-7.02833039201e-06 454.670268751 7.02833039201e-06 454.666190148
-6.67720434088e-06 455.201612822 6.67720434088e-06 455.197533998
-6.34359494208e-06 455.732960224 6.34359494208e-06 455.728881178
-6.02662953181e-06 456.264310967 6.02662953181e-06 456.260231699
-5.72547887066e-06 456.795665059 5.72547887066e-06 456.791585568
-5.43935498452e-06 457.327022509 5.43935498452e-06 457.322942794
-5.16750911288e-06 457.858383322 5.16750911288e-06 457.854303384
-4.90922975897e-06 458.389747506 4.90922975897e-06 458.385667343
-4.66384083703e-06 458.921115066 4.66384083703e-06 458.917034679
-4.43069991144e-06 459.452486008 4.43069991144e-06 459.448405395
-4.20919652358e-06 459.983860334 4.20919652358e-06 459.979779497
-3.99875060151e-06 460.51523805 3.99875060151e-06 460.511156987
-3.79881094926e-06 461.046619158 3.79881094926e-06 461.042537869
-3.60885381061e-06 461.57800366 3.60885381061e-06 461.573922146
-3.42838150469e-06 462.109391559 3.42838150469e-06 462.105309819
-3.25692112926e-06 462.640782855 3.25692112926e-06 462.636700889
-3.0940233281e-06 463.17217755 3.0940233281e-06 463.168095358
-2.93926112035e-06 463.703575642 2.93926112035e-06 463.699493224
-2.79222878749e-06 464.234977133 2.79222878749e-06 464.230894489
-2.65254081566e-06 464.76638202 2.65254081566e-06 464.76229915
-2.51983089076e-06 465.297790303 2.51983089076e-06 465.293707207
-2.39375094358e-06 465.829201978 2.39375094358e-06 465.825118657
-2.27397024187e-06 466.360617045 2.27397024187e-06 466.356533498
-2.16017452816e-06 466.892035499 2.16017452816e-06 466.887951727
-2.05206520006e-06 467.423457338 2.05206520006e-06 467.419373341
-1.94935853143e-06 467.954882557 1.94935853143e-06 467.950798335
-1.85178493214e-06 468.486311152 1.85178493214e-06 468.482226706
-1.75908824474e-06 469.017743118 1.75908824474e-06 469.013658448
-1.6710250761e-06 469.54917845 1.6710250761e-06 469.545093557
-1.58736416216e-06 470.080617143 1.58736416216e-06 470.076532027
-1.50788576438e-06 470.612059191 1.50788576438e-06 470.607973851
-1.43238109609e-06 471.143504586 1.43238109609e-06 471.139419024
-1.36065177746e-06 471.674953323 1.36065177746e-06 471.670867539
-1.29250931743e-06 472.206405394 1.29250931743e-06 472.202319389
-1.22777462169e-06 472.737860792 1.22777462169e-06 472.733774566
-1.16627752449e-06 473.269319508 1.16627752449e-06 473.265233062
-1.10785634452e-06 473.800781536 1.10785634452e-06 473.796694869
-1.05235746243e-06 474.332246865 1.05235746243e-06 474.32815998
-9.99634919296e-07 474.863715488 9.99634919296e-07 474.859628384
-9.49550035213e-07 475.395187396 9.49550035213e-07 475.391100073
-9.01971046857e-07 475.926662578 9.01971046857e-07 475.922575038
-8.56772763203e-07 476.458141026 8.56772763203e-07 476.454053269
-8.13836238004e-07 476.989622729 8.13836238004e-07 476.985534755
-7.73048458587e-07 477.521107676 7.73048458587e-07 477.517019488
-7.34302050619e-07 478.052595859 7.34302050619e-07 478.048507455
-6.97494997209e-07 478.584087265 6.97494997209e-07 478.579998647
-6.62530371761e-07 479.115581883 6.62530371761e-07 479.111493053
-6.2931608468e-07 479.647079703 6.29316084679e-07 479.64299066
-5.97764642112e-07 480.178580714 5.97764642112e-07 480.174491459
-5.67792916932e-07 480.710084902 5.67792916932e-07 480.705995436
-5.39321931538e-07 481.241592257 5.39321931538e-07 481.237502581
-5.12276650499e-07 481.773102765 5.12276650499e-07 481.76901288
-4.86585784422e-07 482.304616416 4.86585784422e-07 482.300526322
-4.62181603179e-07 482.836133196 4.62181603179e-07 482.832042894
-4.38999758324e-07 483.367653092 4.38999758324e-07 483.363562584
-4.16979114672e-07 483.899176092 4.16979114672e-07 483.895085378
-3.96061590106e-07 484.430702183 3.96061590106e-07 484.426611263
-3.76192003238e-07 484.962231351 3.76192003238e-07 484.958140227
-3.57317928913e-07 485.493763582 3.57317928913e-07 485.489672255
-3.39389560501e-07 486.025298864 3.39389560501e-07 486.021207335
-3.22359579628e-07 486.556837182 3.22359579628e-07 486.552745452
-3.06183031822e-07 487.088378524 3.06183031822e-07 487.084286592
-2.90817208772e-07 487.619922873 2.90817208772e-07 487.615830742
-2.76221536121e-07 488.151470217 2.76221536121e-07 488.147377887
-2.62357467119e-07 488.683020541 2.62357467119e-07 488.678928014
-2.49188381492e-07 489.214573831 2.49188381492e-07 489.210481107
-2.36679488971e-07 489.746130073 2.36679488971e-07 489.742037152
-2.24797738577e-07 490.27768925 2.24797738577e-07 490.273596135
-2.13511731358e-07 490.80925135 2.13511731358e-07 490.805158041
-2.0279163805e-07 491.340816356 2.02791638049e-07 491.336722855
-1.92609120738e-07 491.872384255 1.92609120738e-07 491.868290561
-1.82937258438e-07 492.40395503 1.82937258438e-07 492.399861146
-1.73750476365e-07 492.935528668 1.73750476365e-07 492.931434593
-1.65024478747e-07 493.467105152 1.65024478747e-07 493.463010889
-1.56736184677e-07 493.998684467 1.56736184677e-07 493.994590016
-1.48863668016e-07 494.530266598 1.48863668016e-07 494.52617196
-1.4138609921e-07 495.061851529 1.4138609921e-07 495.057756706
-1.34283690779e-07 495.593439246 1.34283690778e-07 495.589344237
-1.27537645071e-07 496.125029731 1.27537645071e-07 496.120934539
-1.21130104996e-07 496.656622971 1.21130104996e-07 496.652527596
-1.15044107137e-07 497.188218948 1.15044107137e-07 497.184123392
-1.09263536717e-07 497.719817647 1.09263536717e-07 497.715721911
-1.03773085585e-07 498.251419053 1.03773085584e-07 498.247323137
-9.85582117526e-08 498.78302315 9.85582117525e-08 498.778927056
-9.3605101034e-08 499.314629921 9.36051010339e-08 499.310533649
-8.89006308365e-08 499.846239351 8.89006308363e-08 499.842142903
-8.44323353921e-08 500.377851424 8.4432335392e-08 500.373754801
-8.01883731317e-08 500.909466124 8.01883731316e-08 500.905369326
-7.61574953781e-08 501.441083434 7.6157495378e-08 501.436986463
-7.2329016745e-08 501.972703339 7.23290167448e-08 501.968606196
-6.86927868448e-08 502.504325823 6.86927868447e-08 502.500228509
-6.52391636755e-08 503.035950869 6.52391636754e-08 503.031853385
-6.19589881111e-08 503.567578462 6.1958988111e-08 503.563480809
-5.88435600487e-08 504.099208585 5.88435600486e-08 504.095110765
-5.58846148935e-08 504.630841222 5.58846148934e-08 504.626743235
-5.30743022105e-08 505.162476358 5.30743022104e-08 505.158378205
-5.04051648679e-08 505.694113975 5.04051648678e-08 505.690015658
-4.78701193515e-08 506.225754058 4.78701193514e-08 506.221655578
-4.54624371349e-08 506.757396591 4.54624371348e-08 506.753297948
-4.31757269981e-08 507.289041558 4.3175726998e-08 507.284942753
-4.10039177279e-08 507.820688942 4.10039177278e-08 507.816589977
-3.89412425726e-08 508.352338727 3.89412425725e-08 508.348239603
-3.69822239605e-08 508.883990897 3.69822239603e-08 508.879891615
-3.51216586009e-08 509.415645437 3.51216586008e-08 509.411545997
-3.33546042644e-08 509.947302329 3.33546042643e-08 509.943202734
-3.16763664639e-08 510.478961558 3.16763664638e-08 510.474861808
-3.00824860943e-08 511.010623109 3.00824860942e-08 511.006523205
-2.85687275901e-08 511.542286964 2.856872759e-08 511.538186907
-2.71310678654e-08 512.073953108 2.71310678653e-08 512.069852899
-2.5765685462e-08 512.605621524 2.57656854619e-08 512.601521165
-2.44689507793e-08 513.137292198 2.44689507791e-08 513.133191689
-2.32374160835e-08 513.668965113 2.32374160834e-08 513.664864456
-2.20678066538e-08 514.200640253 2.20678066537e-08 514.196539448
-2.09570119591e-08 514.732317602 2.0957011959e-08 514.72821665
-1.990207779e-08 515.263997144 1.99020777899e-08 515.259896047
-1.89001978833e-08 515.795678864 1.89001978832e-08 515.791577623
-1.79487067995e-08 516.327362746 1.79487067994e-08 516.323261362
-1.70450730458e-08 516.859048774 1.70450730457e-08 516.854947247
-1.61868919728e-08 517.390736932 1.61868919727e-08 517.386635265
-1.53718796265e-08 517.922427205 1.53718796264e-08 517.918325398
-1.4597866781e-08 518.454119578 1.45978667809e-08 518.450017631
-1.38627929271e-08 518.985814034 1.38627929269e-08 518.981711949
-1.31647012702e-08 519.517510558 1.31647012701e-08 519.513408336
-1.2501733004e-08 520.049209135 1.25017330039e-08 520.045106777
-1.18721226688e-08 520.58090975 1.18721226687e-08 520.576807257
-1.12741935261e-08 521.112612386 1.1274193526e-08 521.108509759
-1.07063529851e-08 521.644317029 1.07063529849e-08 521.640214269
-1.01670884266e-08 522.176023664 1.01670884265e-08 522.171920772
-9.65496316174e-09 522.707732274 9.65496316163e-09 522.703629251
-9.16861264681e-09 523.239442846 9.1686126467e-09 523.235339693
-8.70674095663e-09 523.771155363 8.70674095652e-09 523.767052082
-8.26811714451e-09 524.302869812 8.2681171444e-09 524.298766402
-7.85157216565e-09 524.834586177 7.85157216554e-09 524.83048264
-7.4559957054e-09 525.366304442 7.45599570529e-09 525.362200779
-7.08033321828e-09 525.898024594 7.08033321817e-09 525.893920806
-6.72358303664e-09 526.429746617 6.72358303653e-09 526.425642705
-6.38479406036e-09 526.961470497 6.38479406025e-09 526.957366462
-6.06306264652e-09 527.493196218 6.06306264642e-09 527.489092062
-5.75753091482e-09 528.024923768 5.75753091471e-09 528.02081949
-5.46738379448e-09 528.556653129 5.46738379438e-09 528.552548731
-5.19184731081e-09 529.08838429 5.1918473107e-09 529.084279772
-4.93018643028e-09 529.620117234 4.93018643017e-09 529.616012598
-4.68170294625e-09 530.151851947 4.68170294614e-09 530.147747195
-4.44573385199e-09 530.683588416 4.44573385188e-09 530.679483547
-4.2216494429e-09 531.215326626 4.22164944279e-09 531.211221642
-4.00885154165e-09 531.747066563 4.00885154154e-09 531.742961465
-3.80677225787e-09 532.278808213 3.80677225776e-09 532.274703001
-3.61487209491e-09 532.810551561 3.6148720948e-09 532.806446237
-3.43263882636e-09 533.342296595 3.43263882625e-09 533.338191158
-3.25958570188e-09 533.874043299 3.25958570177e-09 533.869937752
-3.09525086997e-09 534.40579166 3.09525086986e-09 534.401686003
-2.93919537726e-09 534.937541665 2.93919537715e-09 534.933435899
-2.79100240245e-09 535.4692933 2.79100240234e-09 535.465187426
-2.65027606657e-09 536.00104655 2.65027606647e-09 535.99694057
-2.51664061933e-09 536.532801404 2.51664061922e-09 536.528695317
-2.38973900177e-09 537.064557846 2.38973900166e-09 537.060451654
-2.2692321792e-09 537.596315865 2.26923217909e-09 537.592209568
-2.15479810331e-09 538.128075446 2.1547981032e-09 538.123969046
-2.04613095051e-09 538.659836576 2.0461309504e-09 538.655730073
-1.9429404072e-09 539.191599243 1.94294040709e-09 539.187492638
-1.84495056061e-09 539.723363432 1.8449505605e-09 539.719256727
-1.75189960726e-09 540.255129132 1.75189960715e-09 540.251022326
-1.6635387258e-09 540.786896328 1.66353872569e-09 540.782789424
-1.57963177333e-09 541.318665009 1.57963177322e-09 541.314558006
-1.49995432857e-09 541.850435162 1.49995432846e-09 541.846328061
-1.42429335848e-09 542.382206773 1.42429335837e-09 542.378099576
-1.35244660824e-09 542.91397983 1.35244660813e-09 542.909872537
-1.28422187344e-09 543.445754321 1.28422187333e-09 543.441646934
-1.21943663688e-09 543.977530233 1.21943663677e-09 543.973422752
-1.15791773482e-09 544.509307554 1.15791773471e-09 544.505199979
-1.09950049336e-09 545.041086271 1.09950049325e-09 545.036978604
-1.0440286181e-09 545.572866373 1.04402861799e-09 545.568758614
-9.91353877622e-10 546.104647846 9.91353877513e-10 546.100539996
-9.41335251442e-10 546.63643068 9.41335251333e-10 546.632322739
-8.93838848736e-10 547.168214861 8.93838848627e-10 547.164106831
-8.48737621083e-10 547.700000378 8.48737620974e-10 547.69589226
-8.05910845557e-10 548.231787219 8.05910845448e-10 548.227679013
-7.65243866728e-10 548.763575372 7.65243866619e-10 548.75946708
-7.26627862144e-10 549.295364826 7.26627862035e-10 549.291256448
-6.89959454711e-10 549.827155569 6.89959454602e-10 549.823047105
-6.55140472164e-10 550.35894759 6.55140472055e-10 550.354839041
-6.22077688834e-10 550.890740876 6.22077688725e-10 550.886632243
-5.90682585014e-10 551.422535416 5.90682584905e-10 551.418426701
-5.60871118051e-10 551.9543312 5.60871117942e-10 551.950222402
-5.32563240243e-10 552.486128216 5.32563240134e-10 552.482019336
-5.05683547057e-10 553.017926452 5.05683546948e-10 553.013817492
-4.80159858837e-10 553.549725898 4.80159858728e-10 553.545616858
-4.55923792415e-10 554.081526543 4.55923792306e-10 554.077417423
-4.32910402465e-10 554.613328375 4.32910402356e-10 554.609219177
-4.11058081896e-10 555.145131384 4.11058081787e-10 555.141022108
-3.90308291447e-10 555.676935559 3.90308291338e-10 555.672826206
-3.70605395234e-10 556.20874089 3.70605395125e-10 556.204631459
-3.51896578708e-10 556.740547364 3.51896578599e-10 556.736437859
-3.34131819597e-10 557.272354973 3.34131819488e-10 557.268245392
-3.17263464266e-10 557.804163706 3.17263464157e-10 557.800054051
-3.01246281044e-10 558.335973552 3.01246280935e-10 558.331863823
-2.86037342759e-10 558.8677845 2.8603734265e-10 558.863674698
-2.71595956365e-10 559.399596541 2.71595956256e-10 559.395486667
-2.57883303964e-10 559.931409665 2.57883303855e-10 559.927299718
-2.44862684536e-10 560.46322386 2.44862684427e-10 560.459113843
-2.32499172592e-10 560.995039118 2.32499172483e-10 560.99092903
-2.20759641957e-10 561.526855428 2.20759641848e-10 561.522745271
-2.09612618746e-10 562.05867278 2.09612618637e-10 562.054562554
-1.99028187322e-10 562.590491165 1.99028187213e-10 562.58638087
-1.88978008162e-10 563.122310573 1.88978008053e-10 563.11820021
-1.79435147222e-10 563.654130993 1.79435147113e-10 563.650020564
-1.70373928837e-10 564.185952417 1.70373928728e-10 564.181841922
-1.61770100821e-10 564.717774836 1.61770100712e-10 564.713664274
-1.53600593103e-10 565.249598238 1.53600592994e-10 565.245487611
-1.45843453063e-10 565.781422616 1.45843452954e-10 565.777311924
-1.38477922255e-10 566.313247959 1.38477922146e-10 566.309137204
-1.31484141966e-10 566.845074259 1.31484141857e-10 566.840963441
-1.24843512714e-10 567.376901507 1.24843512605e-10 567.372790625
-1.18538140564e-10 567.908729693 1.18538140455e-10 567.904618749
-1.12551108239e-10 568.440558808 1.1255110813e-10 568.436447802
-1.06866333819e-10 568.972388843 1.0686633371e-10 568.968277777
-1.01468582619e-10 569.50421979 1.0146858251e-10 569.500108663
-9.63433612251e-11 570.036051639 9.63433611161e-11 570.031940453
-9.14769352473e-11 570.567884382 9.14769351383e-11 570.563773137
-8.68562351268e-11 571.099718011 8.68562350177e-11 571.095606707
-8.24688208508e-11 571.631552516 8.24688207417e-11 571.627441154
-7.83029350537e-11 572.163387889 7.83029349447e-11 572.15927647
-7.43474205899e-11 572.695224122 7.43474204808e-11 572.691112645
-7.0591667558e-11 573.227061206 7.0591667449e-11 573.222949673
-6.70255956812e-11 573.758899133 6.70255955721e-11 573.754787544
-6.36395836421e-11 574.290737894 6.36395835331e-11 574.28662625
-6.04245516366e-11 574.822577482 6.04245515276e-11 574.818465783
-5.73719083866e-11 575.354417888 5.73719082775e-11 575.350306135
-5.44734392118e-11 575.886259104 5.44734391027e-11 575.882147298
-5.17213473238e-11 576.418101123 5.17213472148e-11 576.413989263
-4.91082538661e-11 576.949943936 4.91082537571e-11 576.945832024
-4.66271095479e-11 577.481787535 4.66271094388e-11 577.477675571
-4.42712948719e-11 578.013631913 4.42712947628e-11 578.009519897
-4.20344669303e-11 578.545477062 4.20344668212e-11 578.541364995
-3.99106419488e-11 579.077322974 3.99106418397e-11 579.073210856
-3.78940833301e-11 579.609169641 3.78940832211e-11 579.605057474
-3.59793783034e-11 580.141017057 3.59793781944e-11 580.13690484
-3.41613849034e-11 580.672865213 3.41613847944e-11 580.668752948
-3.24352143114e-11 581.204714103 3.24352142024e-11 581.200601789
-3.07962603513e-11 581.736563718 3.07962602423e-11 581.732451356
-2.92400757257e-11 582.268414052 2.92400756167e-11 582.264301642
-2.77625017159e-11 582.800265098 2.77625016069e-11 582.796152641
-2.63595856779e-11 583.332116847 2.63595855689e-11 583.328004344
-2.50275397952e-11 583.863969294 2.50275396862e-11 583.859856744
-2.3762788254e-11 584.39582243 2.3762788145e-11 584.391709835
-2.25619318901e-11 584.92767625 2.2561931781e-11 584.923563609
-2.14217364127e-11 585.459530746 2.14217363037e-11 585.45541806
-2.03391501048e-11 585.991385911 2.03391499958e-11 585.987273181
-1.93112566738e-11 586.523241739 1.93112565647e-11 586.519128965
-1.83352870543e-11 587.055098222 1.83352869452e-11 587.050985405
-1.74086547933e-11 587.586955354 1.74086546843e-11 587.582842494
-1.65288263593e-11 588.118813129 1.65288262502e-11 588.114700227
-1.56934626455e-11 588.65067154 1.56934625365e-11 588.646558595
-1.49003010676e-11 589.18253058 1.49003009586e-11 589.178417594
-1.41472086331e-11 589.714390243 1.4147208524e-11 589.710277215
-1.34321642633e-11 590.246250522 1.34321641543e-11 590.242137454
-1.27532646979e-11 590.778111412 1.27532645888e-11 590.773998304
-1.21086714377e-11 591.309972906 1.21086713287e-11 591.305859757
-1.14966402315e-11 591.841834997 1.14966401225e-11 591.837721809
-1.09155446678e-11 592.37369768 1.09155445588e-11 592.369584453
-1.03637995299e-11 592.905560949 1.03637994209e-11 592.901447683
-9.83996103984e-12 593.437424796 9.83996093081e-12 593.433311492
-9.34256176347e-12 593.969289217 9.34256165444e-12 593.965175875
-8.87034057972e-12 594.501154206 8.87034047069e-12 594.497040826
-8.42195964995e-12 595.033019756 8.42195954092e-12 595.028906339
-7.99621669947e-12 595.564885862 7.99621659044e-12 595.560772408
-7.59199785118e-12 596.096752518 7.59199774215e-12 596.092639027
