-119.8396882 0.892928805553 119.8396882 0.845663371317
-119.71742648 1.50593931183 119.71742648 1.45915884634
-119.600410398 2.12895184895 119.600410398 2.08042325597
-119.485660374 2.68306055938 119.485660374 2.63493730205
-119.372022262 3.27431725413 119.372022262 3.22491651861
-119.25927879 3.85603238563 119.25927879 3.80556053555
-119.146525864 4.38202225366 119.146525864 4.33191129188
-119.034307223 4.9518934264 119.034307223 4.90085302814
-118.92184834 5.46751762664 118.92184834 5.41679192862
-118.809645097 6.0296699176 118.809645097 5.97810965718
-118.697149335 6.53788099871 118.697149335 6.48660604052
-118.584712306 7.09456950476 118.584712306 7.04252826428
-118.472027111 7.59702293103 118.472027111 7.54524908296
-118.359210313 8.14968749103 118.359210313 8.0971968957
-118.246310932 8.64717816748 118.246310932 8.5949756233
-118.132973769 9.19704437748 118.132973769 9.14413072551
-118.019725815 9.74429539669 118.019725815 9.69074841144
-117.905907665 10.2380474092 117.905907665 10.1847330296
-117.792189563 10.7828769132 117.792189563 10.7289594673
-117.677958331 11.2737189856 117.677958331 11.2200232404
-117.563747809 11.8165514747 117.563747809 11.7622780803
-117.449097628 12.3048261235 117.449097628 12.2507662724
-117.334378716 12.846003262 117.334378716 12.7913869463
-117.219316451 13.3319467693 117.219316451 13.2775392278
-117.104073246 13.8717691446 117.104073246 13.8168216679
-116.988625897 14.3554882958 116.988625897 14.3007542925
-116.872829704 14.8942834603 116.872829704 14.8390155043
-116.75705394 15.4314882657 116.75705394 15.3757207997
-116.640651739 15.9139017543 116.640651739 15.858323079
-116.524388098 16.450036703 116.524388098 16.3939727464
-116.407546532 16.9309195896 116.407546532 16.8750391698
-116.290797924 17.4661152625 116.290797924 17.4097622854
-116.173524354 17.9455827844 116.173524354 17.8894089418
-116.056294027 18.4799529473 116.056294027 18.4233179023
-115.938596179 18.9581037927 115.938596179 18.9016443121
-115.820887624 19.4917482463 115.820887624 19.4348376225
-115.702775207 19.9686600965 115.702775207 19.9119223993
-115.584591234 20.5016707953 115.584591234 20.4444906602
-115.466075603 20.9774034727 115.466075603 20.920394891
-115.347417691 21.5098689151 115.347417691 21.4524249565
-115.228513314 21.9844594399 115.228513314 21.9271879532
-115.109379971 22.5164731215 115.109379971 22.4587706829
-114.990109796 22.9899132563 114.990109796 22.9323912079
-114.870491046 23.5215990225 114.870491046 23.4636431338
-114.750939603 24.0519606287 114.750939603 23.9936010919
-114.630763154 24.5253520678 114.630763154 24.4671474703
-114.51078493 25.0552430178 114.51078493 24.9966417761
-114.390209781 25.5278212755 114.390209781 25.4693724496
-114.26981129 26.0572799373 114.26981129 25.9984410073
-114.148843872 26.5290878689 114.148843872 26.4703990565
-114.02803153 27.0581485908 114.02803153 26.9990757917
-113.906676614 27.5292310565 113.906676614 27.4703062689
-113.785457197 28.057922644 113.785457197 27.9986196162
-113.663721455 28.5283129299 113.663721455 28.4691559839
-113.542101197 29.0566630248 113.542101197 28.9971332332
-113.419989411 29.526398276 113.419989411 29.467012788
-113.297974869 30.0544299107 113.297974869 29.9946766654
-113.175491543 30.5235450312 113.175491543 30.4639344315
-113.053089376 31.0512779235 113.053089376 30.9913043872
-112.930239473 31.5198030152 112.930239473 31.4599705718
-112.807456136 32.0472551839 112.807456136 31.9870643796
-112.684244232 32.5152191843 112.684244232 32.4551680067
-112.561086156 33.0424063841 112.561086156 32.9820012063
-112.437516485 33.5098370903 112.437516485 33.4495701381
-112.313990107 34.0367729059 112.313990107 33.9761561288
-112.19006747 34.5036936394 112.19006747 34.4432137488
-112.066178886 35.0303911407 112.066178886 34.9695654248
-111.941905929 35.4968315883 111.941905929 35.43614143
-111.817661869 36.0232993276 111.817661869 35.9622672311
-111.693042007 36.4892841553 111.693042007 36.4283862897
-111.568448937 37.0155301563 111.568448937 36.9542941374
-111.443485313 37.4810833214 111.443485313 37.4199801973
-111.318549637 38.0071143476 111.318549637 37.9456767717
-111.19324613 38.4722552889 111.19324613 38.4109492745
-111.067973789 38.9980786364 111.067973789 38.9364417809
-110.942333111 39.4628298055 110.942333111 39.4013231597
-110.816730249 39.9884505833 110.816730249 39.9266166452
-110.690755092 40.4528330185 110.690755092 40.3911279185
-110.564827733 40.9782556007 110.564827733 40.9162267006
-110.438521666 41.4422856321 110.438521666 41.3803842008
-110.312275303 41.9675154549 110.312275303 41.9052936398
-110.185640854 42.4312121615 110.185640854 42.3691164396
-110.059081099 42.9562530847 110.059081099 42.8938403351
-109.932121756 43.4196306951 109.932121756 43.3573426779
-109.8052537 43.9444877123 109.8052537 43.8818859431
-109.677971991 44.4075630171 109.677971991 44.3450846294
-109.550800801 44.9322398292 109.550800801 44.8694508964
-109.423200203 45.3950249937 109.423200203 45.3323581186
-109.295730556 45.9195264289 109.295730556 45.8565521298
-109.167814447 46.3820330827 109.167814447 46.3191795504
-109.040050794 46.9063640187 109.040050794 46.8432060958
-108.911821729 47.3686059657 108.911821729 47.3055675478
-108.783768588 47.892770188 108.783768588 47.8294303347
-108.655230008 48.354757068 108.655230008 48.2915354944
-108.526891484 48.8787592767 108.526891484 48.8152391358
-108.398046737 49.3405003508 108.398046737 49.2770973037
-108.269426746 49.8643452761 108.269426746 49.8006464436
-108.140279128 50.3258492799 108.140279128 50.2622663949
-108.01138143 50.8495415909 108.01138143 50.7856656185
-107.881934193 51.3108167466 107.881934193 51.2470556143
-107.752762406 51.8343610197 107.752762406 51.7703094168
-107.623018084 52.2954174838 107.623018084 52.2314796502
-107.493447687 52.7551107227 107.493447687 52.6913192257
-107.363538406 53.2796597297 107.363538406 53.2155467016
-107.233621155 53.7393624147 107.233621155 53.6753779529
-107.103500816 54.2635577731 107.103500816 54.1992710163
-106.973261931 54.7231871376 106.973261931 54.6590225026
-106.842912491 55.2471192937 106.842912491 55.1826602358
-106.712362224 55.7066521196 106.712362224 55.6423113299
-106.581778827 56.2303574123 106.581778827 56.1657274446
-106.45092666 56.689773843 106.45092666 56.6252594843
-106.320106637 57.2132791907 106.320106637 57.1484796678
-106.188958764 57.6725718604 106.188958764 57.6078858826
-106.05790166 58.1958947034 106.05790166 58.1309269466
-105.92646339 58.6550593833 105.92646339 58.5902034695
-105.795169619 59.1782131653 105.795169619 59.1130784636
-105.663445643 59.6372476838 105.663445643 59.5722233631
-105.531916128 60.1602433266 105.531916128 60.0949429381
-105.399910702 60.6191468621 105.399910702 60.5539555617
-105.268146687 61.1419935518 105.268146687 61.0765287046
-105.135863739 61.6007661986 105.135863739 61.5354092722
-105.003866678 62.123471857 105.003866678 62.0578437507
-104.871310581 62.5821119274 104.871310581 62.5165906722
-104.738909619 63.0395760741 104.738909619 62.9741837406
-104.606255968 63.5631934977 104.606255968 63.4975091608
-104.473530297 64.0207457101 104.473530297 63.9551780025
-104.340705447 64.5440167682 104.340705447 64.4781705557
-104.20767964 65.0015743114 104.20767964 64.9358399382
-104.074663009 65.5245923644 104.074663009 65.458585448
-103.941351426 65.9821132142 103.941351426 65.9162153431
-103.808134211 66.5049247496 103.808134211 66.438758267
-103.674546168 66.9623864708 103.674546168 66.8963270636
-103.541124162 67.4850195123 103.541124162 67.4186945705
-103.407265847 67.9424113456 103.407265847 67.8761919321
-103.273637243 68.4648841504 103.273637243 68.3984018309
-103.139513823 68.9221990472 103.139513823 68.8558209639
-103.005677908 69.4445252699 103.005677908 69.3778866291
-102.871294564 69.9017561929 102.871294564 69.8352206662
-102.737063863 70.3578844925 102.737063863 70.2914719572
-102.602611647 70.8810919851 102.602611647 70.8144001643
-102.468065251 71.3373655539 102.468065251 71.2707850438
-102.33346963 71.8602116013 102.33346963 71.793364582
-102.198637244 72.316527556 102.198637244 72.2497875655
-102.063872217 72.8391226779 102.063872217 72.7721215144
-101.928768879 73.2954352474 101.928768879 73.2285386337
-101.793823891 73.8178296635 101.793823891 73.7506753743
-101.658458336 74.2741169262 101.658458336 74.2070654345
-101.523328346 74.7963392454 101.523328346 74.7290328213
-101.387707882 75.2525848916 101.387707882 75.1853798949
-101.252389941 75.774655418 101.252389941 75.7071978217
-101.116519629 76.230851238 101.116519629 76.1634939242
-100.980780909 76.6860704789 100.980780909 76.6188278518
-100.844897172 77.2089222258 100.844897172 77.1414136829
-100.708861428 77.6642827697 100.708861428 77.5968808127
-100.572844032 78.1868039883 100.572844032 78.1191452369
-100.436537795 78.6422156007 100.436537795 78.5746600323
-100.300363787 79.1645020354 100.300363787 79.096694048
-100.163799728 79.6199270847 100.163799728 79.5522201868
-100.027459459 80.142023256 100.027459459 80.0740669709
-99.8906459834 80.5974401821 99.8906459834 80.5295834662
-99.7541343005 81.1193732716 99.7541343005 81.0512695989
-99.6170791295 81.5747635789 99.6170791295 81.5067582644
-99.4801575444 82.0292044122 99.4801575444 81.9613116748
-99.3431004927 82.5519096745 99.3431004927 82.4837568286
-99.2058864003 83.0065247808 99.2058864003 82.9384761761
-99.0687130848 83.5288844139 99.0687130848 83.4605850197
-98.9312349165 83.9835761227 98.9312349165 83.9153776218
-98.7939193256 84.5056953132 98.7939193256 84.4372502999
-98.6561927015 84.9604150649 98.6561927015 84.8920689406
-98.5187231295 85.4823445682 98.5187231295 85.4137548197
-98.3807564017 85.9370704678 98.3807564017 85.8685781599
-98.2429901552 86.3906249098 98.2429901552 86.3222627106
-98.1049270985 86.913554365 98.1049270985 86.8449170249
-97.9668274371 87.3674731037 97.9668274371 87.2989410838
-97.8287059626 87.8898778169 97.8287059626 87.8210964527
-97.6903377849 88.3439263155 97.6903377849 88.2752454365
-97.5520962211 88.866044509 97.5520962211 88.7971200443
-97.413479174 89.320158388 97.413479174 89.2513319502
-97.275099676 89.8420625425 97.275099676 89.7729958497
-97.136245725 90.2962063855 97.136245725 90.2272360901
-96.9976423031 90.749017863 96.9976423031 90.6802129534
-96.8586364631 91.2720886604 96.8586364631 91.2029757307
-96.7196633741 91.7254331305 96.7196633741 91.6564252006
-96.5806522599 92.2478163739 96.5806522599 92.1785618318
-96.4414102862 92.7013252631 96.4414102862 92.632170152
-96.3022948034 93.2233973798 96.3022948034 93.1540021413
-96.1628083364 93.6769889827 96.1628083364 93.607690581
-96.0235661933 94.198837748 96.0235661933 94.1293026643
-95.8838473704 94.6524755441 95.8838473704 94.5830356287
-95.7443452652 95.1049310434 95.7443452652 95.0356247375
-95.6045265202 95.6278019197 95.6045265202 95.5582217227
-95.4646855379 96.0807044276 95.4646855379 96.0112267505
-95.324845065 96.6029836615 95.324845065 96.5332641893
-95.1847437831 97.0560497389 95.1847437831 96.9864279441
-95.0448045131 97.5780281293 95.0448045131 97.5081702754
-94.9044667885 98.0311785525 94.9044667885 97.961416016
-94.7644072567 98.5529395473 94.7644072567 98.4829441342
-94.6238444881 99.0061403989 94.6238444881 98.9362387483
-94.4834362215 99.4584080409 94.4834362215 99.3886168329
-94.342875182 99.9809538471 94.342875182 99.9109142401
-94.2021770274 100.433515226 94.2021770274 100.363574666
-94.061558996 100.95563054 94.061558996 100.885453934
-93.920616634 101.408326076 93.920616634 101.33824504
-93.7798976 101.930176581 93.7798976 101.859863826
-93.6387280034 102.382951915 93.6387280034 102.312732781
-93.4978191634 102.834421668 93.4978191634 102.764371698
-93.3565057526 103.357424016 93.3565057526 103.287068161
-93.2152251747 103.809508997 93.2152251747 103.739254146
-93.0739484677 104.331758883 93.0739484677 104.26126735
-92.9324135841 104.784034956 92.9324135841 104.713639261
-92.7910570117 105.305964841 92.7910570117 105.235338516
-92.6492924926 105.758349597 92.6492924926 105.687816709
-92.5078315473 106.280051953 92.5078315473 106.20929164
-92.3658510118 106.732503538 92.3658510118 106.661835117
-92.2239988864 107.184148843 92.2239988864 107.113583777
-92.0820865899 107.706517023 92.0820865899 107.635714205
-91.9399679832 108.158416374 91.9399679832 108.087709509
-91.7979976014 108.680406107 91.7979976014 108.609469816
-91.6556487832 109.13243561 91.6556487832 109.061592464
-91.5135853418 109.654176698 91.5135853418 109.583107747
-91.3710212868 110.106289337 91.3710212868 110.035311841
-91.2285997289 110.557558809 91.2285997289 110.486686311
-91.086081528 111.080002205 91.086081528 111.008891576
-90.943387431 111.531565845 90.943387431 111.460550981
-90.8008277291 112.053590477 90.8008277291 111.982347665
-90.6579032832 112.505302976 90.6579032832 112.434152855
-90.5152598458 113.027063987 90.5152598458 112.955689815
-90.3721227767 113.478868766 90.3721227767 113.407585517
-90.2291305257 113.929834755 90.2291305257 113.858656264
-90.086039422 114.45229601 90.086039422 114.380880893
-89.9427758221 114.903569164 89.9427758221 114.832249205
-89.7996517921 115.425599394 89.7996517921 115.354053369
-89.6561600301 115.877030984 89.6561600301 115.805577015
-89.5129586279 116.398792225 89.5129586279 116.327116117
-89.3692580105 116.850320396 89.3692580105 116.778734579
-89.2256938019 117.301051594 89.2256938019 117.229568291
-89.0820622247 117.823473333 89.0820622247 117.751756924
-88.9382342695 118.2745007 88.9382342695 118.202878438
-88.794570227 118.796507235 88.794570227 118.724661188
-88.6505198001 119.247689746 88.6505198001 119.175934957
-88.5067814104 119.769432836 88.5067814104 119.697457963
-88.362526077 120.220714685 88.362526077 120.148829384
-88.2183901045 120.671270739 88.2183901045 120.599484662
-88.0742469588 121.1936061 88.0742469588 121.121591495
-87.9298605172 121.644426596 87.9298605172 121.572504851
-87.7856790339 122.166384025 87.7856790339 122.094241045
-87.6410777394 122.61734903 87.6410777394 122.545296383
-87.4967267911 123.067132132 87.4967267911 122.995225538
-87.3520219483 123.590116973 87.3520219483 123.51793519
-87.2073206789 124.040532266 87.2073206789 123.968446549
-87.0626878447 124.562757422 87.0626878447 124.490447627
-86.9177518481 125.013396841 86.9177518481 124.941178539
-86.7730722575 125.53528904 86.7730722575 125.462852122
-86.627929665 125.986059744 86.627929665 125.913712179
-86.4829493406 126.435972987 86.4829493406 126.363731234
-86.3378396953 126.958579851 86.3378396953 126.886104527
-86.1925836718 127.40887208 86.1925836718 127.336490193
-86.0474777651 127.930979635 86.0474777651 127.858377585
-85.9020017866 128.38145912 85.9020017866 128.308947218
-85.7568410986 128.903275885 85.7568410986 128.83054795
-85.6111669847 129.353872417 85.6111669847 129.281232838
-85.4656081878 129.803785163 85.4656081878 129.731242851
-85.3200691465 130.326154851 85.3200691465 130.253388875
-85.1742702209 130.776335024 85.1742702209 130.703660347
-85.0287052011 131.298324536 85.0287052011 131.225433103
-84.8826994872 131.74866072 84.8826994872 131.675858163
-84.7368749261 132.19809109 84.7368749261 132.125397916
-84.5908772268 132.720835679 84.5908772268 132.647906958
-84.4447646582 133.170710942 84.4447646582 133.097875276
-84.2987964785 133.69289108 84.2987964785 133.61983729
-84.1524669727 134.14296673 84.1524669727 134.070002481
-84.0064551263 134.664841265 84.0064551263 134.591663266
-83.8599311325 135.115044938 83.8599311325 135.041954634
-83.7135200775 135.564589038 83.7135200775 135.4915949
-83.5671456478 136.086992327 83.5671456478 136.01377729
-83.4204988214 136.536810791 83.4204988214 136.463686172
-83.2741060783 137.058830742 83.2741060783 136.985491928
-83.127258967 137.508805794 83.127258967 137.435555052
-82.9805688995 137.957975786 82.9805688995 137.884827994
-82.8337794183 138.480654368 82.8337794183 138.407279175
-82.6868230075 138.930213995 82.6868230075 138.856930395
-82.5400532295 139.45238682 82.5400532295 139.378888253
-82.3928887058 139.902138389 82.3928887058 139.828728335
-82.2459715172 140.350775892 82.2459715172 140.277504047
-82.0987259571 140.873895785 82.0987259571 140.800361498
-81.9514690187 141.323189811 81.9514690187 141.249748793
-81.8043249734 141.845526454 81.8043249734 141.771869171
-81.6568481609 142.295060946 81.6568481609 142.221492689
-81.509680506 142.817054083 81.509680506 142.743274723
-81.3620126923 143.266735013 81.3620126923 143.193042671
-81.2144622462 143.715762479 81.2144622462 143.642165828
-81.0669471234 144.238271953 81.0669471234 144.164456972
-80.9191639627 144.687592479 80.9191639627 144.613867118
-80.7716451475 145.209699181 80.7716451475 145.135762559
-80.6236666601 145.659188921 80.6236666601 145.585339538
-80.4758313496 146.107942778 80.4758313496 146.034192885
-80.3279469063 146.630638819 80.3279469063 146.556667138
-80.1798606278 147.079756651 80.1798606278 147.005875239
-80.0319974695 147.601972819 80.0319974695 147.527879928
-79.8837123253 148.051279975 79.8837123253 147.97727454
-79.7356072014 148.499730576 79.7356072014 148.425831931
-79.5873506239 149.022642785 79.5873506239 148.948515376
-79.4389668157 149.471561252 79.4389668157 149.397524859
-79.2907652575 149.993885648 79.2907652575 149.919637456
-79.1421765858 150.443021304 79.1421765858 150.368860781
-78.9938169363 150.891136672 78.9938169363 150.817100595
-78.8451825487 151.414304252 78.8451825487 151.340022078
-78.6965031348 151.863037895 78.6965031348 151.788847478
-78.5479712474 152.38546148 78.5479712474 152.311058954
-78.399083135 152.834433106 78.399083135 152.760118432
-78.2505379022 153.356514602 78.2505379022 153.281992662
-78.1014679147 153.805637881 78.1014679147 153.731201884
-77.9524973506 154.254192794 77.9524973506 154.179849323
-77.8036422298 154.776709808 77.8036422298 154.702153895
-77.6544579273 155.225527266 77.6544579273 155.151059358
-77.5055994266 155.74767642 77.5055994266 155.673001574
-77.356232282 156.196656202 77.356232282 156.122067316
-77.2069715593 156.645049387 77.2069715593 156.570553684
-77.057802101 157.167647524 77.057802101 157.092939173
-76.9083237487 157.616323699 76.9083237487 157.541703445
-76.7591598271 158.138531644 76.7591598271 158.063704852
-76.6094990537 158.587376264 76.6094990537 158.512635414
-76.459949723 159.035622587 76.459949723 158.960975404
-76.3104750384 159.558288644 76.3104750384 159.4834288
-76.1607063241 160.006831275 76.1607063241 159.932059563
-76.0112443242 160.529090734 76.0112443242 160.454112948
-75.8612930163 160.977809622 75.8612930163 160.902917734
-75.7114572973 161.425921515 75.7114572973 161.351123577
-75.5616862533 161.948643022 75.5616862533 161.87363263
-75.4116294437 162.397064058 75.4116294437 162.322141766
-75.2618770394 162.919366399 75.2618770394 162.844238582
-75.1116381814 163.367969005 75.1116381814 163.292927009
-74.9615149374 163.815969512 74.9615149374 163.741021372
-74.81145823 164.338727425 74.81145823 164.263567444
-74.6611157451 164.787037932 74.6611157451 164.711965938
-74.5110808009 165.309373677 74.5110808009 165.234096804
-74.360557374 165.757869139 74.360557374 165.682677974
-74.2101483561 166.205771588 74.2101483561 166.130673923
-74.0598152513 166.728551766 74.0598152513 166.653243163
-73.9091891805 167.176763665 73.9091891805 167.101542867
-73.7588793864 167.69912379 73.7588793864 167.62369885
-73.6080750816 168.147518888 73.6080750816 168.072179514
-73.4573805093 168.595341322 73.4573805093 168.520094819
-73.3067805887 169.118128374 73.3067805887 169.042672138
-73.1558731456 169.566252914 73.1558731456 169.490884235
-73.0052960718 170.088628666 73.0052960718 170.013056669
-72.8542137594 170.536932452 72.8542137594 170.461445851
-72.7032345684 170.984690209 72.7032345684 170.909295663
-72.5523769112 171.507470354 72.5523769112 171.431867499
-72.4011914625 171.955514976 72.4011914625 171.879999386
-72.2503541766 172.477899222 72.2503541765 172.402181201
-72.0989974886 172.926118324 72.0989974886 172.85048551
-71.9477376007 173.373816982 71.9477376007 173.298275388
-71.7966292503 173.896583416 71.7966292503 173.82083498
-71.6451689212 174.344556291 71.6451689212 174.268894804
-71.4939440402 174.791544687 71.4939440402 174.716008173
-71.3424497775 175.315086797 71.3424497775 175.239308822
-71.1909098132 175.762742224 71.1909098132 175.687054567
-71.0395590145 176.285483801 71.0395590145 176.209590867
-70.8878266048 176.73339379 70.8878266048 176.657587463
-70.7362829031 177.180483802 70.7362829031 177.104784252
-70.5845931111 177.703850167 70.5845931111 177.627928122
-70.4327779534 178.151464567 70.4327779534 178.075632013
-70.2811906792 178.674177948 70.2811906792 178.598141632
-70.1291897232 179.122031738 70.1291897232 179.046081687
-69.9773454214 179.569178686 69.9773454214 179.49332808
-69.8254518151 180.092415712 69.8254518151 180.016350739
-69.6733641788 180.539998106 69.6733641788 180.464021848
-69.5215468712 181.062678224 69.5215468712 180.986499696
-69.3692821551 181.510478623 69.3692821551 181.434386026
-69.2171467087 181.957668066 69.2171467087 181.881670727
-69.0650487066 182.48079522 69.0650487066 182.404588516
-68.9126940014 182.928346192 68.9126940014 182.852227516
-68.7606519285 183.450992004 68.7606519285 183.374672478
-68.6081264245 183.89874742 68.6081264245 183.822513509
-68.455710715 184.345960984 68.455710715 184.26981973
-68.3034082643 184.868995799 68.3034082643 184.792648615
-68.1507897236 185.316522842 68.1507897236 185.240263073
-67.9984725538 185.762865179 67.9984725538 185.686802921
-67.8457464796 186.286846986 67.8457464796 186.210473063
-67.6930581354 186.734077429 67.6930581354 186.657794351
-67.5405534019 187.257029697 67.5405534019 187.180543352
-67.3876766266 187.704533128 67.3876766266 187.628133671
-67.2349839868 188.151255192 67.2349839868 188.074961357
-67.0821667492 188.674785591 67.0821667492 188.598273029
-66.9292126479 189.122028548 66.9292126479 189.045605508
-66.776508381 189.644906069 66.776508381 189.568281953
-66.623377171 190.092391899 66.623377171 190.015854214
-66.470385009 190.539251899 66.470385009 190.462810908
-66.3174105039 191.06257564 66.3174105039 190.985925886
-66.1641972289 191.509828087 66.1641972289 191.43326686
-66.0112966791 192.032637009 66.0112966791 191.95587659
-65.857916843 192.480105442 65.857916843 192.403431068
-65.704647739 192.927046112 65.704647739 192.850464659
-65.5515033448 193.450223897 65.5515033448 193.373438479
-65.3980379547 193.89748195 65.3980379547 193.820784306
-65.2448199339 194.343759206 65.2448199339 194.267192229
-65.0913213919 194.867681326 65.0913213919 194.790871881
-64.9377891811 195.31467588 64.9377891811 195.237957245
-64.7844709522 195.837738761 64.7844709522 195.760819294
-64.6307592262 196.285002971 64.6307592262 196.208170701
-64.4772064875 196.731588255 64.4772064875 196.654856281
-64.3236152148 197.255132651 64.3236152148 197.17818984
-64.1698295877 197.702168605 64.1698295877 197.625315248
-64.0163375287 198.225134307 64.0163375287 198.148082509
-63.8623862859 198.672402548 63.8623862859 198.595437504
-63.7085540265 199.119128774 63.7085540265 199.042258038
-63.5548245128 199.642468695 63.5548245128 199.565394321
-63.4007936444 200.089539269 63.4007936444 200.012553431
-63.2470375393 200.535551025 63.2470375393 200.458717668
-63.0929442793 201.059694556 63.0929442793 200.982598669
-62.9388529109 201.506513749 62.9388529109 201.42950946
-62.7849743361 202.029704172 62.7849743361 201.952500147
-62.6307068196 202.476802141 62.6307068196 202.399686016
-62.4765979642 202.923235923 62.4765979642 202.846220472
-62.3224602837 203.44688915 62.3224602837 203.369664449
-62.1681240409 203.893775399 62.1681240409 203.816640793
-62.0140925191 204.416848094 62.0140925191 204.339516444
-61.8595961594 204.863969592 61.8595961594 204.786725405
-61.7052150172 205.310574764 61.7052150172 205.233425036
-61.5509619955 205.833997623 61.5509619955 205.756646249
-61.3963919529 206.280936482 61.3963919529 206.203674287
-61.242049205 206.726991474 61.242049205 206.649849526
-61.0874893364 207.251054936 61.0874893364 207.173684992
-60.9328609636 207.697770291 60.9328609636 207.620492265
-60.7784777317 208.221032386 60.7784777317 208.143556609
-60.6236834423 208.66801536 60.6236834423 208.590628187
-60.4690305238 209.114405305 60.4690305238 209.03711668
-60.3144149013 209.638071957 60.3144149013 209.560578671
-60.159554901 210.08486918 60.159554901 210.007466487
-60.005036637 210.608006651 60.005036637 210.53040888
-59.8500268572 211.055028807 59.8500268572 210.977519296
-59.6951206036 211.501586556 59.6951206036 211.424171084
-59.5404023892 212.02503495 59.5404023892 211.947420872
-59.3853228104 212.471898658 59.3853228104 212.394374426
-59.2304179685 212.918069034 59.2304179685 212.840649717
-59.0754518917 213.441993135 59.0754518917 213.364364021
-58.920315547 213.888666305 58.920315547 213.811129323
-58.7654824223 214.411958804 58.7654824223 214.334226638
-58.6101945233 214.858877662 58.6101945233 214.781234934
-58.4550243903 215.30529543 58.4550243903 215.227749149
-58.2999900929 215.828923322 58.2999900929 215.751177476
-58.1446400319 216.27568414 58.1446400319 216.198029482
-57.9895050501 216.721627862 57.9895050501 216.644089572
-57.8342001874 217.24582851 57.8342001874 217.168070389
-57.6788022854 217.692395546 57.6788022854 217.614731214
-57.5236742843 218.215835059 57.5236742843 218.137975515
-57.3681225785 218.66267102 57.3681225785 218.584902197
-57.212703552 219.108967631 57.212703552 219.031297927
-57.0573739952 219.632765935 57.0573739952 219.554895655
-56.9017676152 220.079446408 56.9017676152 220.00166875
-56.7464350135 220.525124917 56.7464350135 220.447495651
-56.5907958851 221.049649785 56.5907958851 220.971770321
-56.435151395 221.496132628 56.435151395 221.418348694
-56.2797505199 222.019708835 56.2797505199 221.941729806
-56.1239509333 222.466482081 56.1239509333 222.388595167
-55.9682973352 222.912683493 55.9682973352 222.834898481
-55.8126962658 223.436638028 55.8126962658 223.358651566
-55.6568504127 223.883257542 55.6568504127 223.805365237
-55.5013663873 224.406675959 55.5013663873 224.328591797
-55.3453865853 224.85353038 55.3453865853 224.775538196
-55.1895106206 225.299955895 55.1895106206 225.22206103
-55.0338609435 225.823656627 55.0338609435 225.745566995
-54.8778312536 226.270387127 54.8778312536 226.19239113
-54.7219583739 226.716522095 54.7219583739 226.638630732
-54.5661117806 227.240616563 54.5661117806 227.162523207
-54.4100440944 227.687197788 54.4100440944 227.609200235
-54.2543291535 228.210727004 54.2543291535 228.132538256
-54.0981300306 228.657554854 54.0981300306 228.579459664
-53.9420412505 229.103944993 53.9420412505 229.025948972
-53.786168046 229.62775984 53.786168046 229.549569606
-53.6299280308 230.074467731 53.6299280308 229.996372804
-53.4738508052 230.520572796 53.4738508052 230.442584905
-53.3177877174 231.044786751 53.3177877174 230.966596967
-53.1615170605 231.4913551 53.1615170605 231.413262885
-53.0055970566 232.014986523 53.0055970566 231.936703957
-52.8491996952 232.461808179 52.8491996952 232.383620929
-52.6929163178 232.908193221 52.6929163178 232.830107016
-52.5368474 233.432109738 52.5368474 233.353830172
-52.3804175363 233.87881988 52.3804175363 233.800637463
-52.2241557704 234.324923498 52.2241557704 234.246850251
-52.0679059663 234.849240867 52.0679059663 234.770966444
-51.9114536563 235.295821721 51.9114536563 235.217646787
-51.7553560005 235.819548546 51.7553560005 235.741184288
-51.5987839614 236.266384541 51.5987839613 236.188117567
-51.4423269206 236.71279425 51.4423269206 236.634630272
-51.2860915545 237.236802473 51.2860915545 237.158446266
-51.1294949262 237.683539844 51.1294949262 237.605282836
-50.9730660008 238.129686563 50.9730660008 238.051540306
-50.816663615 238.654084233 50.816663615 238.575738457
-50.6600543214 239.100701021 50.6600543214 239.022456847
-50.5038083178 239.624517991 50.5038083178 239.546085693
-50.3470863376 240.071393695 50.3470863376 239.993060893
-50.1904802771 240.517855119 50.1904802771 240.439627403
-50.0341094402 241.041947579 50.0341094402 240.963529021
-49.8773731461 241.488734087 49.8773731461 241.410417026
-49.7208021593 241.934953462 49.7208021593 241.856748712
-49.5642797501 242.459422301 49.5642797501 242.381020123
-49.407539864 242.906102774 49.407539864 242.827804556
-49.2511768762 243.430006611 49.2511768762 243.351521635
-49.0943327573 243.876947869 49.0943327573 243.79856489
-48.9376058499 244.32348719 48.9376058499 244.245211614
-48.7811321533 244.847660214 48.7811321533 244.769195383
-48.6242846332 245.294523746 48.6242846332 245.216163005
-48.4675998587 245.740845804 48.4675998587 245.662599068
-48.31099211 246.26537916 48.31099211 246.186937408
-48.1541528371 246.712147077 48.1541528371 246.63381195
-47.9976250165 247.157889881 47.9976250165 247.079737972
-47.8407718436 247.683169261 47.8407718436 247.604753713
-47.6839558576 248.129812914 47.6839558576 248.051507406
-47.5274137975 248.654066912 47.5274137975 248.575573885
-47.370487917 249.101033519 47.370487917 249.022647527
-47.2137219743 249.547486599 47.2137219743 249.469216675
-47.0570647559 250.072084668 47.0570647559 249.993622262
-46.9001588987 250.518970834 46.9001588987 250.440618074
-46.7435219303 250.964993523 46.7435219303 250.886787368
-46.5866754151 251.490198427 46.5866754151 251.41177011
-46.4298052854 251.93697561 46.4298052854 251.858660345
-46.2732324017 252.461312427 46.2732324017 252.382811524
-46.1162651107 252.908408568 46.1162651107 252.830018042
-45.9594538812 253.355024077 45.9594538812 253.276752142
-45.8027859688 253.879689405 45.8027859688 253.801227604
-45.645851714 254.326721675 45.645851714 254.248372963
-45.4891618006 254.772993388 45.4891618006 254.694782782
-45.3323437708 255.298188379 45.3323437708 255.219769532
-45.1754588441 255.745128846 45.1754588441 255.666826522
-45.0188955139 256.26955387 45.0188955139 256.191067903
-44.8619270689 256.716810245 44.8619270689 256.638438452
-44.7051131293 257.163613539 44.7051131293 257.085363495
-44.5484752523 257.68835571 44.5484752523 257.609918375
-44.3915551076 258.135563838 44.3915551076 258.057243525
-44.2348660787 258.582078867 44.2348660787 258.503895085
-44.0781092535 259.107306011 44.0781092535 259.028921594
-43.9212533879 259.554441477 43.9212533879 259.47617759
-43.7647432748 260.078963672 43.7647432748 260.000518232
-43.607819356 260.52641068 43.607819356 260.448083734
-43.4510498872 260.973429492 43.4510498872 260.89522815
-43.294486129 261.498262015 43.294486129 261.41987591
-43.137628293 261.945675286 43.137628293 261.867410697
-42.9809905425 262.392457356 42.9809905425 262.314330383
-42.8243376247 262.917740869 42.8243376247 262.839418874
-42.6675611439 263.365100732 42.6675611439 263.28690389
-42.5111515611 263.889733109 42.5111515611 263.81135688
-42.3543218927 264.33740662 42.3543218927 264.259153792
-42.1976494922 264.784670275 42.1976494922 264.70654766
-42.0412081301 265.309609501 42.0412081301 265.231304617
-41.8844641054 265.75726555 41.8844641054 265.6790873
-41.7279396708 266.204320938 41.7279396708 266.126283792
-41.5714346936 266.729698265 41.5714346936 266.651470047
-41.41479291 267.177316214 41.41479291 267.09921847
-41.258535586 267.702075095 41.258535586 267.623800204
-41.1018570116 268.150009406 41.1018570116 268.071863485
-40.9453407648 268.597547718 40.9453407648 268.519537474
-40.789073948 269.122615852 40.789073948 269.04442577
-40.6325035338 269.570548032 40.6325035338 269.492490415
-40.4761540485 270.01790643 40.4761540485 269.939994918
-40.319849068 270.543407565 40.319849068 270.46530823
-40.163403327 270.99132032 40.163403327 270.913357551
-40.0073551138 271.516224948 40.0073551138 271.438087348
-39.8508895498 271.964460744 39.8508895498 271.886458426
-39.6945935861 272.412310401 39.6945935861 272.334450119
-39.5385594086 272.937530541 39.5385594086 272.859492835
-39.3822269016 273.385781058 39.3822269016 273.307882436
-39.2261250859 273.833460725 39.2261250859 273.75571499
-39.0700754795 274.359126246 39.0700754795 274.281195055
-38.9138956288 274.807368407 38.9138956288 274.729580761
-38.7581182227 275.332444048 38.7581182227 275.254483935
-38.6019355841 275.781022195 38.6019355841 275.70320451
-38.4459330534 276.229217001 38.4459330534 276.151548791
-38.2901938287 276.75462121 38.2901938287 276.676777876
-38.1341727642 277.203229656 38.1341727642 277.125532926
-37.9783981195 277.651253715 37.9783981195 277.573718718
-37.8226638775 278.177132691 37.8226638775 278.099413521
-37.6668245254 278.625750409 37.6668245254 278.548182746
-37.5113863594 279.151024239 37.5113863594 279.073286533
-37.3555630145 279.599992446 37.3555630145 279.522405242
-37.1999352432 280.04856804 37.1999352432 279.971138991
-37.0445592737 280.574193693 37.0445592737 280.496591643
-36.8889298834 281.023206737 36.8889298834 280.945759817
-36.733575483 281.471583277 36.733575483 281.394310398
-36.5782184749 281.997744965 36.5782184749 281.920286814
-36.422806704 282.44677498 36.422806704 282.36947747
-36.2677810547 282.972284968 36.2677810547 282.894819798
-36.1124034126 283.421690046 36.1124034126 283.344384509
-35.95724313 283.870676571 35.95724313 283.79353954
-35.8023024521 284.39657654 35.8023024521 284.319268121
-35.6471558035 284.846038376 35.6471558035 284.768894784
-35.4923419238 285.294717203 35.4923419238 285.217772178
-35.3374119579 285.821301207 35.3374119579 285.744158743
-35.182522587 286.270787866 35.182522587 286.19381658
-35.0279890711 286.796580247 35.0279890711 286.719443532
-34.8731523158 287.246474185 34.8731523158 287.169507431
-34.7185685341 287.695882598 34.7185685341 287.619097443
-34.5641364074 288.222136469 34.5641364074 288.145180054
-34.4095730095 288.672095384 34.4095730095 288.595314871
-34.2554648545 289.197850913 34.2554648545 289.120909279
-34.1009835285 289.648184209 34.1009835285 289.571418391
-33.9467279274 290.098154488 33.9467279274 290.021572337
-33.7927691037 290.624298055 33.7927691037 290.547552103
-33.6385806668 291.074730493 33.6385806668 290.998166235
-33.48470558 291.524530818 33.48470558 291.448168711
-33.3308469034 292.051280449 33.3308469034 291.974741088
-33.1769811184 292.501777748 33.1769811184 292.425427099
-33.0235144115 293.027893656 33.0235144115 292.951384138
-32.8697499525 293.478810742 32.8697499525 293.402489507
-32.7162562817 293.929274549 32.7162562817 293.853152918
-32.562954394 294.455874546 32.562954394 294.379588746
-32.4095339262 294.906894901 32.4095339262 294.830804233
-32.2565902521 295.43303464 32.2565902521 295.356789189
-32.103300902 295.884451204 32.103300902 295.808401328
-31.950266671 296.3355051 31.950266671 296.259659465
-31.7975322713 296.86208099 31.7975322713 296.786077568
-31.6446117824 297.313634012 31.6446117824 297.237833092
-31.4920729912 297.764423977 31.4920729912 297.688859292
-31.3394665697 298.291774899 31.3394665697 298.216026453
-31.1869547101 298.743407393 31.1869547101 298.667870011
-31.0348194368 299.270023986 31.0348194368 299.194333591
-30.8824548721 299.722126187 30.8824548721 299.646646469
-30.7304272326 300.173660039 30.7304272326 300.098408666
-30.5784944937 300.700909932 30.5784944937 300.625494871
-30.4265658108 301.153128238 30.4265658108 301.077932345
-30.2750696822 301.679832648 30.2750696822 301.604487877
-30.1233181131 302.132508174 30.1233181131 302.057383002
-29.9718899041 302.584706381 29.9718899041 302.509814428
-29.8206458799 303.111994102 29.8206458799 303.036946385
-29.669362223 303.564813856 29.669362223 303.489994411
-29.5185507658 304.091645526 29.5185507658 304.016681035
-29.3674727975 304.544919059 29.3674727975 304.470183836
-29.2167197325 304.99775794 29.2167197325 304.923264286
-29.0661997253 305.525164518 29.0661997253 305.45052023
-28.9156246778 305.978607941 28.9156246778 305.90420195
-28.7655473835 306.505604228 28.7655473835 306.431056848
-28.6152055772 306.959506161 28.6152055772 306.885198483
-28.4651985877 307.412990501 28.4651985877 307.33893462
-28.3154478097 307.940574658 28.3154478097 307.866372138
-28.1656492177 308.394662516 28.1656492177 308.320709234
-28.0163587964 308.92186153 28.0163587964 308.847770385
-27.8668197856 309.376421725 27.8668197856 309.302581515
-27.7176354791 309.830550148 27.7176354791 309.756973844
-27.5687009992 310.35837667 27.5687009992 310.284656627
-27.4197488736 310.813135271 27.4197488736 310.73967637
-27.2713009979 311.340576981 27.2713009979 311.266983615
-27.122634997 311.795826422 27.122634997 311.722496068
-26.9743547901 312.25059359 26.9743547901 312.177541714
-26.8262844402 312.778737375 26.8262844402 312.705543023
-26.6782544101 313.234187418 26.6782544101 313.161267209
-26.5307063571 313.761918653 26.5307063571 313.688867145
-26.3829883845 314.217885717 26.3829883845 314.145110224
-26.2357107071 314.673239491 26.2357107071 314.600763458
-26.0885418298 315.201826201 26.0885418298 315.129203386
-25.9415152916 315.657981984 25.9415152916 315.585647708
-25.7949244953 316.186061763 25.7949244953 316.113598856
-25.648233416 316.642775051 25.648233416 316.570602208
-25.5021541558 317.170619833 25.5021541558 317.098323887
-25.3558327502 317.627823816 25.3558327502 317.555821164
-25.2099036816 318.084669353 25.2099036816 318.012972019
-25.0643225036 318.61318794 25.0643225036 318.541363175
-24.9187450252 319.070663076 24.9187450252 318.999143736
-24.7737198794 319.598900912 24.7737198794 319.52726149
-24.6285369729 320.05690914 24.6285369729 319.985578236
-24.4838261844 320.514344464 24.4838261844 320.443343952
-24.3392846473 321.04348672 24.3392846473 320.972352588
-24.1949180095 321.501715531 24.1949180095 321.43090424
-24.0510043608 322.030436861 24.0510043608 321.959507423
-23.9070534876 322.489260686 23.9070534876 322.418656367
-23.7637175081 323.017784754 23.7637175081 322.947067842
-23.6202152924 323.477144894 23.6202152924 323.406757032
-23.477187446 323.936021157 23.477187446 323.865980134
-23.3344179302 324.465420318 23.3344179302 324.395257443
-23.1918055239 324.925037995 23.1918055238 324.855219167
-23.0496821747 325.45411855 23.0496821747 325.384188976
-22.9075402007 325.914340074 22.9075402007 325.844757657
-22.7660315448 326.443263156 22.7660315448 326.373575174
-22.6243899895 326.904042135 22.6243899895 326.834705783
-22.4832715828 327.364263307 22.4832715828 327.295300715
-22.342374024 327.894186038 22.342374024 327.82510471
-22.2017144305 328.355208155 22.2017144305 328.286495426
-22.0615149963 328.884802288 22.0615149963 328.815984783
-21.9213743982 329.346468806 21.9213743982 329.278022986
-21.7818381046 329.875913939 21.7818381046 329.807369056
-21.6422485556 330.33817275 21.6422485556 330.270004301
-21.5033698771 330.8675408 21.5033698771 330.799277405
-21.3643565177 331.330365829 21.3643565177 331.26248432
-21.2258771311 331.792732525 21.2258771311 331.72525094
-21.0877220471 332.323079956 21.0877220471 332.255494754
-20.9497961203 332.786194296 20.9497961203 332.719008969
-20.8123721067 333.316336968 20.8123721067 333.249057429
-20.6750432662 333.780104657 20.6750432662 333.71322923
-20.538334641 334.310156508 20.538334641 334.243192043
-20.4016314258 334.774540234 20.4016314258 334.707985377
-20.2656383596 335.304556688 20.2656383596 335.2379168
-20.1295841007 335.769538876 20.1295841007 335.703314702
-19.9941874367 336.233740744 19.9941874367 336.167975149
-19.8589281101 336.765127223 19.8589281101 336.699243723
-19.7241203299 337.230262629 19.7241203299 337.164819191
-19.5896924661 337.761325047 19.5896924661 337.695792226
-19.4555439985 338.227194772 19.4555439985 338.162104421
-19.321906127 338.758153141 19.321906127 338.692981074
-19.1884515066 339.224697647 19.1884515066 339.159973275
-19.0555994303 339.7556282 19.0555994303 339.690827054
-18.9228645338 340.222821371 18.9228645338 340.158474202
-18.7908029121 340.753766969 18.7908029121 340.689347019
-18.6588100837 341.221596279 18.6588100837 341.157637153
-18.5275473482 341.75258594 18.5275473482 341.688557574
-18.3963178538 342.221043176 18.3963178538 342.157482857
-18.2658642349 342.752099615 18.2658642349 342.688473338
-18.1354166022 343.221186678 18.1354166022 343.158035948
-18.0057839847 343.752326594 18.0057839847 343.689113036
-17.8761383499 344.222039617 17.8761383499 344.159309335
-17.747258604 344.690821301 17.747258604 344.628642011
-17.6185131963 345.223622258 17.6185131963 345.161323368
-17.4904046808 345.693266065 17.4904046808 345.63149106
-17.3625731283 346.225947862 17.3625731283 346.164091411
-17.2352847167 346.69633199 17.2352847167 346.635000289
-17.108348471 347.229035805 17.108348471 347.167632943
-16.9819135232 347.700101775 16.9819135232 347.639229398
-16.855871801 348.232896805 16.855871801 348.171958789
-16.7303143936 348.704623133 16.7303143936 348.644223056
-16.6051737939 349.237548387 16.6051737939 349.177086583
-16.4805180654 349.709912525 16.4805180654 349.649997402
-16.3562859105 350.243004452 16.3562859105 350.183030335
-16.2325572282 350.715977666 16.2325572282 350.656560436
-16.1092399051 351.249277085 16.1092399051 351.189802234
-15.9864636304 351.722828979 15.9864636304 351.663923348
-15.8640664932 352.256381407 15.8640664932 352.197417509
-15.7422761588 352.730444596 15.7422761588 352.67206861
-15.620796902 353.264329365 15.620796902 353.205888212
-15.5000962247 353.796999795 15.5000962247 353.738523432
-15.3794625681 354.273130746 15.3794625681 354.21522424
-15.2597275461 354.806020255 15.2597275461 354.748080992
-15.1400938237 355.282798083 15.1400938237 355.22543824
-15.0213364462 355.815921852 15.0213364462 355.758531604
-14.9027222521 356.293336947 14.9027222521 356.236535915
-14.7849534151 356.826714171 14.7849534151 356.769884934
-14.6673776381 357.304758012 14.6673776381 357.248528097
-14.5506073698 357.838410792 14.5506073698 357.78215465
-14.4340925978 358.317057462 14.4340925978 358.261411244
-14.3183283962 358.851018368 14.3183283962 358.795347484
-14.2028997559 359.330228007 14.2028997559 359.27517861
-14.0881454139 359.864545585 14.0881454139 359.809472212
-13.9738381694 360.344229178 13.9738381694 360.289791671
-13.8600875699 360.8789972 13.8600875699 360.824533689
-13.7469937695 361.358794022 13.7469937695 361.305019829
-13.634183804 361.894375404 13.634183804 361.840534244
-13.5222219261 362.428594374 13.5222219261 362.374740788
-13.4104634352 362.910676768 13.4104634352 362.85747067
-13.2995620155 363.445240798 13.2995620155 363.39202385
-13.1889590771 363.927878428 13.1889590771 363.875320642
-13.0791185003 364.462845879 13.0791185003 364.410277984
-12.9697116103 364.945912259 12.9697116103 364.894018258
-12.8609184786 365.48140683 12.8609184786 365.429500512
-12.7528629099 366.016111725 12.7528629099 365.964202904
-12.6449896189 366.500913226 12.6449896189 366.449681219
-12.5380324888 367.035989183 12.5380324888 366.984756184
-12.4313628992 367.521333258 12.4313628992 367.470788853
-12.3255014229 368.056847431 12.3255014229 368.006302685
-12.2200824937 368.542562782 12.2200824937 368.492722053
-12.1152952559 369.07867392 12.1152952559 369.028829993
-12.011253209 369.614014839 12.011253209 369.564177127
-11.9074419667 370.101438096 11.9074419667 370.052307899
-11.8045245783 370.637205877 11.8045245783 370.588082932
-11.7019777522 371.125060369 11.7019777522 371.076658228
-11.6001699778 371.661376749 11.6001699778 371.612981012
-11.4990463583 372.148884221 11.4990463583 372.101322654
-11.3982153421 372.686491526 11.3982153421 372.63883576
-11.2982736122 373.222627179 11.2982736122 373.174984972
-11.1986965213 373.712454759 11.1986965213 373.665553135
-11.0998822521 374.24916083 11.0998822521 374.202271908
-11.0017871977 374.78528107 11.0017871977 374.738410413
-10.9039350771 375.276618955 10.9039350771 375.230496067
-10.8069981674 375.813212585 10.8069981674 375.767108648
-10.7104741233 376.304851876 10.7104741233 376.259510197
-10.6146661192 376.842105481 10.6146661192 376.796780508
-10.5195922196 377.378716333 10.5195922196 377.333414664
-10.4248204774 377.871867709 10.4248204774 377.827334756
-10.3309072022 378.40902028 10.3309072022 378.364510577
-10.2375422073 378.902104823 10.2375422073 378.858388258
-10.1447156769 379.440233815 10.1447156769 379.396528414
-10.0526799754 379.977417314 10.0526799754 379.933739412
-9.96106287484 380.472151849 9.96106287484 380.42926588
-9.87016791887 381.010050197 9.87016791887 380.967189029
-9.78000409108 381.547327785 9.78000409108 381.504497587
-9.69019186537 382.043453228 9.69019186537 382.001422163
-9.60118961882 382.58136035 9.60118961882 382.539359186
-9.51289475619 383.118771192 9.51289475619 383.076804025
-9.42491219681 383.616188762 9.42491219681 383.575029222
-9.33778966405 384.154190628 9.33778966405 384.113064559
-9.25136119158 384.691761957 9.25136119158 384.650672586
-9.1652235515 385.190407602 9.1652235515 385.150134754
-9.07997243663 385.72855416 9.07997243663 385.688317662
-8.99531973642 386.226666402 8.99531973642 386.187286463
-8.91112460258 386.766125965 8.91112460258 386.726754157
-8.82773708919 387.304454007 8.82773708919 387.265120962
-8.74493960801 387.803702556 8.74493960801 387.765233058
-8.66260911125 388.343348097 8.66260911125 388.304891009
-8.58107645727 388.881888623 8.58107645727 388.843472327
-8.50022012585 389.420058259 8.50022012585 389.381685194
-8.41966636878 389.922062675 8.41966636878 389.884533412
-8.33997774285 390.460847697 8.33997774285 390.423360859
-8.26096376128 390.999250744 8.26096376128 390.961808823
-8.18228019082 391.502248035 8.18228019082 391.465659216
-8.10442185105 392.041315878 8.10442185105 392.004770633
-8.02723898998 392.579970735 8.02723898998 392.543471832
-7.95043167899 393.08385373 7.95043167899 393.048217771
-7.87438475365 393.62326479 7.87438475365 393.58767272
-7.79901892907 394.162195088 7.79901892907 394.126650491
-7.72410338521 394.666768871 7.72410338521 394.632099436
-7.64983741646 395.206653328 7.64983741646 395.172025537
-7.57627099632 395.745893259 7.57627099632 395.711313687
-7.5033501372 396.284822498 7.5033501372 396.25029285
-7.43074849062 396.791409283 7.43074849062 396.75775664
-7.35895818316 397.331019859 7.35895818316 397.297415512
-7.28781828213 397.870249373 7.28781828213 397.836695568
-7.21709103064 398.377377719 7.21709103064 398.344712314
-7.1470398909 398.917508842 7.1470398909 398.88488952
-7.0776574638 399.45708341 7.0776574638 399.424514804
-7.00890147195 399.996368734 7.00890147195 399.963852383
-6.9404776625 400.505231568 6.9404776625 400.473607218
-6.87282038704 401.045249963 6.87282038704 401.013675518
-6.8057978156 401.584871735 6.8057978156 401.553349535
-6.73926624594 402.093744268 6.73926624594 402.063133975
-6.67326020104 402.63462512 6.67326020104 402.604053757
-6.6079385122 403.174668247 6.6079385122 403.144148372
-6.54323053263 403.714381285 6.54323053263 403.683914742
-6.47895451579 404.224839545 6.47895451579 404.19528425
-6.41527195638 404.765615873 6.41527195638 404.73610656
-6.35223491143 405.30574968 6.35223491143 405.276292654
-6.28979540217 405.845583601 6.28979540217 405.816180621
-6.22777330799 406.357301568 6.22777330799 406.328814997
-6.16634242299 406.89818723 6.16634242299 406.86974748
-6.10553930233 407.438457397 6.10553930233 407.410070196
-6.04532012429 407.978435509 6.04532012429 407.950102697
-5.98553972777 408.491114596 5.98553972777 408.463706994
-5.92629283844 409.032285109 5.92629283844 409.004921264
-5.86767083788 409.572735786 5.86767083788 409.545424173
-5.80962129517 410.112880547 5.80962129517 410.085623289
-5.7521285307 410.65282055 5.7521285307 410.62561851
-5.69493801963 411.167808972 5.69493801963 411.141526613
-5.63844015746 411.708504462 5.63844015746 411.682273159
-5.58250650405 412.248844214 5.58250650405 412.222666738
-5.52711859948 412.78896353 5.52711859948 412.762841062
-5.47209285536 413.304555768 5.47209285536 413.27936111
-5.41765161865 413.845647732 5.41765161865 413.820500778
-5.36377614821 414.386230059 5.36377614821 414.361135552
-5.31043705944 414.926553181 5.31043705944 414.901513138
-5.25762231237 415.466690111 5.25762231237 415.441704652
-5.20510947189 415.983960171 5.20510947189 415.959902024
-5.15322654976 416.524903366 5.15322654976 416.500894432
-5.10187627221 417.065475256 5.10187627221 417.041519371
-5.05104107434 417.605826218 5.05104107434 417.581924559
-5.00071036137 418.146004971 5.00071036137 418.122156857
-4.95065720062 418.664620123 4.95065720062 418.641700577
-4.90122795657 419.205566521 4.90122795656 419.182695999
-4.8523092145 419.746181875 4.85230921449 419.723364257
-4.80388666183 420.286589389 4.80388666183 420.263825285
-4.75594983042 420.826828797 4.75594983042 420.804117012
-4.70829277788 421.346502574 4.70829277788 421.32472157
-4.6612178586 421.887552351 4.6612178586 421.865818695
-4.61463635082 422.428253483 4.61463635082 422.406571964
-4.56853391987 422.96874354 4.56853391987 422.947114723
-4.52289989085 423.509063075 4.52289989085 423.487485494
-4.47758226189 424.029389901 4.47758226189 424.008748006
-4.4327570529 424.570712569 4.4327570529 424.550112928
-4.38841606366 425.111553811 4.38841606366 425.091004539
-4.34453918231 425.652158395 4.34453918231 425.631661096
-4.30111542954 426.192582606 4.30111542954 426.17213587
-4.25813355584 426.732847416 4.25813355584 426.712448919
-4.21541308776 427.254770431 4.21541308776 427.235303342
-4.17320999534 427.795885886 4.17320999534 427.776463601
-4.13146030504 428.336658285 4.13146030504 428.317286789
-4.09015123544 428.877223185 4.09015123544 428.857902164
-4.04927126285 429.417615922 4.04927126285 429.398343048
-4.00880862273 429.957852167 4.00880862273 429.938624734
-3.96859505467 430.480877982 3.96859505467 430.462580886
-3.92886619531 431.021988177 3.92886619531 431.003734867
-3.88956995883 431.562761552 3.88956995883 431.544558347
-3.85069393844 432.103328993 3.85069393844 432.08517488
-3.81222585591 432.64372306 3.81222585591 432.625615209
-3.77415343199 433.183958936 3.77415343199 433.165894367
-3.73636423707 433.707463012 3.73636423707 433.690332593
-3.69896120574 434.248827923 3.69896120573 434.231732506
-3.66197950287 434.789678895 3.66197950287 434.772632113
-3.62540182658 435.330298856 3.62540182658 435.313300704
-3.58921524236 435.870735159 3.58921524236 435.85378251
-3.55340658709 436.411006399 3.55340658709 436.394095898
-3.51796377111 436.951124626 3.5179637711 436.934253271
-3.48276634573 437.475940417 3.48276634573 437.459997206
-3.4479517395 438.017109259 3.4479517395 438.001204018
-3.41353217462 438.557867387 3.41353217462 438.542010907
-3.37949335111 439.098407577 3.37949335111 439.08259776
-3.34582077466 439.638765856 3.34582077466 439.622998793
-3.31250071931 440.178959379 3.31250071931 440.16323146
-3.27952113221 440.719000386 3.27952113221 440.703308567
-3.24682660351 441.243981318 3.24682660351 441.229231723
-3.21439363733 441.78557002 3.21439363733 441.770836111
-3.18235321163 442.326353208 3.18235321163 442.311667169
-3.15067742602 442.866889444 3.15067742602 442.852249986
-3.11935013059 443.407231946 3.11935013059 443.392634438
-3.0883560922 443.947402022 3.0883560922 443.932842298
-3.057682376 444.487414286 3.057682376 444.472888968
-3.02731806941 445.027280269 3.02731806941 445.01278663
-2.99721377699 445.553261924 2.99721377699 445.539706272
-2.96734559314 446.094714847 2.96734559314 446.081173758
-2.93784785386 446.635384394 2.93784785386 446.621891965
-2.90869320301 447.175808364 2.90869320301 447.162360909
-2.87986283468 447.71603532 2.87986283468 447.702627262
-2.8513405539 448.256087806 2.8513405539 448.242714667
-2.82311331392 448.795981891 2.82311331392 448.782640225
-2.79517045259 449.335730166 2.79517045259 449.322417281
-2.76750302371 449.875342869 2.76750302371 449.862056603
-2.74002906072 450.403008345 2.74002906072 450.390637544
-2.71283689301 450.943871984 2.71283689301 450.931540508
-2.68598203019 451.484322159 2.68598203019 451.47203899
-2.6594419015 452.024542011 2.6594419015 452.012299953
-2.63319584423 452.564568251 2.63319584423 452.552361349
-2.60722807914 453.104423442 2.60722807914 453.092247382
-2.58152645329 453.64412422 2.58152645329 453.63197581
-2.55608124381 454.183683514 2.55608124381 454.171560308
-2.53088438707 454.723111703 2.53088438707 454.711011764
-2.50592899463 455.262417332 2.50592899463 455.250339081
-2.48111355113 455.791670535 2.48111355113 455.780506093
-2.45662399653 456.332132287 2.45662399653 456.321019618
-2.4324425133 456.872304536 2.4324425133 456.86123569
-2.40854164736 457.412257237 2.40854164736 457.401224019
-2.38490158742 457.952023339 2.38490158742 457.941020249
-2.36150821073 458.491625356 2.36150821073 458.480648594
-2.3383508773 459.031079857 2.3383508773 459.020126663
-2.31542114788 459.570399578 2.31542114788 459.559467855
-2.292712049 460.109594645 2.292712049 460.09868274
-2.27021763213 460.648673329 2.27021763213 460.6377799
-2.24790255831 461.177489597 2.24790255831 461.167513471
-2.22576515276 461.718304065 2.22576515276 461.708355132
-2.20394395643 462.258445745 2.20394395643 462.248547405
-2.18239734411 462.798318086 2.18239734411 462.788457829
-2.16109729109 463.33797701 2.16109729109 463.328147085
-2.14002589125 463.877456057 2.14002589125 463.867651604
-2.1191707836 464.416778061 2.1191707836 464.406995798
-2.09852276915 464.955959562 2.09852276915 464.946197129
-2.07807459366 465.495013112 2.07807459366 465.485268726
-2.05782028075 466.033948589 2.05782028074 466.024220851
-2.03775474034 466.572774001 2.03775474034 466.563061778
-2.01787352501 467.111495995 2.01787352501 467.101798349
-1.99814597256 467.641158874 1.99814597256 467.632370471
-1.97858401906 468.18171109 1.97858401906 468.172959947
-1.95932497671 468.721605236 1.95932497671 468.712904171
-1.94031555107 469.261211059 1.94031555107 469.252544975
-1.92152530651 469.800596369 1.92152530651 469.791957215
-1.90293644162 470.339800625 1.90293644162 470.331183646
-1.88453722161 470.87884953 1.88453722161 470.870251626
-1.86631916434 471.417761092 1.86631916434 471.409180085
-1.84827571383 471.956548636 1.84827571383 471.947982911
-1.83040154624 472.495222448 1.83040154624 472.486670756
-1.81269217497 473.033790736 1.81269217497 473.025252076
-1.7951437105 473.572260225 1.7951437105 473.563733776
-1.77775270614 474.11063655 1.77775270614 474.102121625
-1.7605160546 474.648924518 1.7605160546 474.640420527
-1.74338354542 475.180141408 1.74338354542 475.172534155
-1.72648638208 475.720079178 1.72648638208 475.712540703
-1.70985516483 476.259576964 1.70985516483 476.252080394
-1.69343523535 476.798793609 1.69343523535 476.791325547
-1.67720048005 477.337798584 1.67720048005 477.330352337
-1.66113603747 477.876631638 1.66113603747 477.869203298
-1.64523217692 478.415318209 1.64523217691 478.407905237
-1.62948188504 478.953875906 1.62948188504 478.946476522
-1.61387975055 479.492317642 1.61387975055 479.484930531
-1.5984213844 480.03065331 1.5984213844 480.023277455
-1.5831030907 480.568890757 1.5831030907 480.561525348
-1.56792166682 481.107036378 1.56792166682 481.099680752
-1.55287427519 481.645095507 1.55287427519 481.637749106
-1.53795835734 482.18307267 1.53795835734 482.175735023
-1.52317157422 482.720971776 1.52317157422 482.713642473
-1.50851176324 483.25879624 1.50851176324 483.251474921
-1.49393804188 483.790841631 1.49393804188 483.784422343
-1.47961267353 484.330459917 1.47961267353 484.324114556
-1.46552856782 484.869589039 1.46552856782 484.863281189
-1.45162588286 485.408421922 1.45162588286 485.40213839
-1.43787964724 485.947040812 1.43787964724 485.940775416
-1.42427634248 486.485490199 1.42427634248 486.479239446
-1.4108073739 487.023797565 1.4108073739 487.017559232
-1.39746667233 487.561981462 1.39746667233 487.555754017
-1.38424962562 488.100055231 1.38424962562 488.093837556
-1.37115253601 488.638028936 1.37115253601 488.631820178
-1.35817231744 489.175910454 1.35817231744 489.169709939
-1.34530631403 489.713706134 1.34530631403 489.707513313
-1.33255218505 490.251421215 1.33255218505 490.245235634
-1.31990782842 490.789060111 1.31990782842 490.782881385
-1.30737132816 491.326626599 1.30737132816 491.320454398
-1.29494091679 491.864123961 1.29494091679 491.857957996
-1.28261494795 492.401555079 1.28261494795 492.395395096
-1.27039187588 492.938922514 1.27039187588 492.932768285
-1.25827023965 493.476228559 1.25827023965 493.470079882
-1.24622158767 494.008735865 1.24622158767 494.003486379
-1.2344186316 494.548096986 1.2344186316 494.542932009
-1.22284231209 495.086842326 1.22284231209 495.081712125
-1.2114210625 495.625258524 1.2114210625 495.62014927
-1.20012968039 496.163450961 1.20012968039 496.15835672
-1.18895546835 496.701472453 1.18895546835 496.696390022
-1.17789069798 497.239354146 1.17789069798 497.234281551
-1.16693007636 497.777116391 1.16693007636 497.772052303
-1.15606967252 498.314773465 1.15606967252 498.309716933
-1.14530639031 498.852335922 1.14530639031 498.847286231
-1.1346376814 499.389811883 1.1346376814 499.384768475
-1.12406137657 499.927207799 1.12406137657 499.922170228
-1.11357558031 500.464528928 1.11357558031 500.459496825
-1.10317860184 501.001779646 1.10317860184 500.996752704
-1.09286890813 501.538963665 1.09286890813 501.533941622
-1.08264509077 502.076084177 1.08264509077 502.071066805
-1.07250584195 502.613143965 1.07250584195 502.608131065
-1.06244993674 503.150145482 1.06244993674 503.145136879
-1.05247621949 503.687090913 1.05247621949 503.68208645
-1.04258359348 504.223982219 1.04258359348 504.218981754
-1.03277101264 504.760821174 1.03277101264 504.755824579
-1.02303747508 505.297609394 1.02303747508 505.292616553
-1.01338201777 505.83434836 1.01338201777 505.829359164
-1.00380371221 506.371039436 1.00380371221 506.366053787
-0.994317885035 506.904983218 0.994317885035 506.900950007
-0.985126912501 507.443660613 0.985126912501 507.439682894
-0.976098189895 507.981781852 0.976098189895 507.977827796
-0.967184657747 508.519601776 0.967184657747 508.515662312
-0.958368869972 509.057216509 0.958368869972 509.053287578
-0.949641771595 509.59467489 0.949641771595 509.590754251
-0.940997765228 510.132005934 0.940997765228 510.128092189
-0.932432985772 510.669228665 0.932432985772 510.665320868
-0.923944550502 511.20635644 0.923944550502 511.20245391
-0.915530184358 511.743399123 0.915530184358 511.739501348
-0.907188013366 512.280364287 0.907188013366 512.276470869
-0.898916442059 512.817257931 0.898916442059 512.813368549
-0.890714076437 513.354084926 0.890714076437 513.35019932
-0.88257967326 513.890849313 0.88257967326 513.886967264
-0.874512105379 514.427554504 0.874512105379 514.423675825
-0.866510337264 514.964203423 0.866510337264 514.960327955
-0.858573407239 515.500798609 0.858573407239 515.496926211
-0.850700414295 516.03734229 0.850700414295 516.033472839
-0.842890508083 516.573836444 0.842890508083 516.56996983
-0.835142881186 517.110282839 0.835142881186 517.106418965
-0.827456763051 517.646683071 0.827456763051 517.642821846
-0.819831415157 518.183038586 0.819831415157 518.17917993
-0.812266127112 518.719350708 0.812266127112 518.715494546
-0.804760213467 519.25562065 0.804760213467 519.251766915
-0.797313011078 519.791849533 0.797313011078 519.787998161
-0.789923876913 520.328038398 0.789923876913 520.324189331
-0.782592186201 520.864188213 0.782592186201 520.860341395
-0.775317330858 521.400299881 0.775317330858 521.396455261
-0.768098718142 521.936374253 0.768098718142 521.932531783
-0.760935769492 522.472412125 0.760935769492 522.46857176
-0.753827919521 523.008414251 0.753827919521 523.004575948
-0.746805129252 523.542641466 0.746805129252 523.539767321
-0.740096442892 524.080913122 0.740096442892 524.078094035
-0.733524532448 524.61847571 0.733524532447 524.615675744
-0.727040203623 525.155704097 0.727040203623 525.152915107
-0.720627830198 525.692718514 0.720627830198 525.689937119
-0.714279811565 526.229576085 0.714279811564 526.226800497
-0.707991636405 526.766309426 0.707991636405 526.763538559
-0.701760280829 527.302939328 0.701760280829 527.300172463
-0.695583541714 527.839480074 0.695583541714 527.836716701
-0.689459713203 528.37594202 0.689459713202 528.373181763
-0.683387412134 528.912332994 0.683387412134 528.909575564
-0.677365476184 529.448659109 0.677365476183 529.445904277
-0.671392900708 529.984925269 0.671392900708 529.982172848
-0.665468797663 530.521135489 0.665468797663 530.518385327
-0.65959236779 531.057293126 0.65959236779 531.054545094
-0.653762881165 531.593401026 0.653762881165 531.590655013
-0.647979663199 532.129461635 0.647979663199 532.126717546
-0.642242084323 532.665477084 0.642242084322 532.662734835
-0.636549552214 533.201449243 0.636549552214 533.198708761
-0.630901505847 533.737379776 0.630901505847 533.734640995
-0.625297410842 534.273270168 0.625297410842 534.270533029
-0.619736755793 534.809121759 0.619736755793 534.806386209
-0.614219049318 535.344935765 0.614219049317 535.342201756
-0.608743817665 535.880713296 0.608743817664 535.877980783
-0.603310602751 536.41645537 0.603310602751 536.413724312
-0.597918960532 536.952162924 0.597918960532 536.949433284
-0.592568459638 537.48783683 0.592568459638 537.485108573
-0.587258680224 538.023477896 0.587258680224 538.020750989
-0.58198921299 538.559086876 0.58198921299 538.556361289
-0.57675965834 539.094664478 0.576759658339 539.091940182
-0.571569625657 539.630211365 0.571569625657 539.627488334
-0.566418732675 540.165728166 0.566418732675 540.163006373
-0.561306604922 540.70121547 0.561306604922 540.698494892
-0.556232875242 541.236673838 0.556232875242 541.233954453
-0.551197183359 541.772103803 0.551197183358 541.769385589
-0.546199175498 542.307505871 0.546199175497 542.304788807
-0.541238504046 542.842880525 0.541238504045 542.840164591
-0.536314827243 543.378228226 0.536314827243 543.375513403
-0.531427808908 543.913549415 0.531427808908 543.910835686
-0.526577118187 544.448844515 0.526577118187 544.446131862
-0.52176242933 544.984113932 0.52176242933 544.981402339
-0.516983421477 545.519358056 0.516983421476 545.516647507
-0.512239778474 546.054577263 0.512239778474 546.051867743
-0.507531188698 546.589771915 0.507531188698 546.587063409
-0.502857344894 547.124942361 0.502857344894 547.122234854
-0.498276620454 547.659502235 0.498276620454 547.657786277
-0.494040139445 548.197185454 0.494040139445 548.195511879
-0.489901950389 548.734016629 0.489901950389 548.732355426
-0.485821016563 549.270491499 0.485821016562 549.268837019
-0.481785776265 549.806749313 0.481785776265 549.80509933
-0.477790852877 550.342853217 0.477790852877 550.341206582
-0.473833145114 550.878838303 0.473833145114 550.877194334
-0.469910619553 551.414726524 0.469910619553 551.413084773
-0.466021821855 551.950532735 0.466021821855 551.948892889
-0.462165643893 552.486267571 0.462165643892 552.484629401
-0.458341199753 553.021938976 0.458341199753 553.020302309
-0.454547754125 553.557553089 0.454547754124 553.555917789
-0.450784678269 554.093114782 0.450784678268 554.091480739
-0.447051421583 554.628628009 0.447051421583 554.626995133
-0.443347492473 555.16409604 0.443347492473 555.162464257
-0.439672445046 555.699521625 0.439672445046 555.697890871
-0.436025869588 556.234907103 0.436025869588 556.233277324
-0.43240738558 556.770254497 0.43240738558 556.768625646
-0.428816636465 557.305565566 0.428816636465 557.303937601
-0.425253285659 557.840841859 0.425253285659 557.839214744
-0.421717013447 558.376084751 0.421717013447 558.374458455
-0.418207514547 558.911295473 0.418207514547 558.909669965
-0.414724496158 559.446475131 0.414724496158 559.444850385
-0.411267676392 559.981624727 0.411267676392 559.98000072
-0.407836782985 560.516745176 0.407836782985 560.515121885
-0.404431552238 561.051837313 0.404431552238 561.050214719
-0.401051728137 561.586901909 0.401051728137 561.585279993
-0.397697061607 562.121939675 0.397697061607 562.120318419
-0.394367309887 562.65695127 0.394367309887 562.655330659
-0.391062235997 563.191937308 0.391062235997 563.190317328
-0.387781608274 563.726898365 0.387781608273 563.725279001
-0.384525199976 564.261834977 0.384525199976 564.260216217
-0.381292788939 564.796747651 0.381292788939 564.795129482
-0.378084157271 565.331636864 0.378084157271 565.330019274
-0.374899091087 565.866503065 0.374899091087 565.864886044
-0.371737380277 566.401346682 0.371737380277 566.399730219
-0.368598818291 566.93616812 0.368598818291 566.934552206
-0.365483201958 567.470967765 0.365483201958 567.469352389
-0.362390331315 568.005745982 0.362390331315 568.004131137
-0.35932000946 568.540503125 0.35932000946 568.5388888
-0.356272042411 569.075239527 0.356272042411 569.073625716
-0.353246238987 569.60995551 0.353246238987 569.608342204
-0.350242410694 570.144651383 0.350242410694 570.143038575
-0.347260371619 570.679327443 0.347260371619 570.677715125
-0.34429993834 571.213983973 0.34429993834 571.212372139
-0.341360929838 571.748621249 0.341360929838 571.747009893
-0.338443167414 572.283239537 0.338443167414 572.28162865
-0.335546474618 572.817839091 0.335546474618 572.816228668
-0.332670677179 573.352420158 0.332670677179 573.350810194
-0.329815602941 573.88698298 0.329815602941 573.885373467
-0.326981081803 574.421527786 0.326981081803 574.41991872
-0.324166945662 574.956054801 0.324166945662 574.954446177
-0.321373028363 575.490564245 0.321373028363 575.488956056
-0.318599165646 576.025056328 0.318599165646 576.023448569
-0.315845195104 576.559531255 0.315845195104 576.557923922
-0.313110956136 577.093989228 0.313110956136 577.092382315
-0.310396289905 577.628430441 0.310396289905 577.626823944
-0.307701039303 578.162855083 0.307701039303 578.161248997
-0.305025048907 578.69726334 0.305025048907 578.69565766
-0.302368164949 579.231655391 0.302368164949 579.230050113
-0.299730235282 579.766031412 0.299730235282 579.764426531
-0.297111109344 580.300391574 0.297111109344 580.298787087
-0.294510638131 580.834736047 0.294510638131 580.833131949
-0.291928674164 581.369064993 0.291928674164 581.36746128
-0.289365071464 581.903378572 0.289365071464 581.90177524
-0.286819685526 582.437676941 0.286819685526 582.436073987
-0.284292373286 582.971960254 0.284292373286 582.970357673
-0.281782993105 583.50622866 0.281782993105 583.504626449
-0.279291404739 584.040482306 0.279291404739 584.038880462
-0.276817469318 584.574721338 0.276817469318 584.573119856
-0.274361049322 585.108945895 0.274361049322 585.107344773
-0.271922008563 585.643156116 0.271922008563 585.64155535
-0.269500212158 586.177352138 0.269500212158 586.175751724
-0.267095526517 586.711534093 0.267095526517 586.709934028
-0.264707819316 587.245702112 0.264707819316 587.244102393
-0.262336959481 587.779856323 0.262336959481 587.778256947
-0.259982817172 588.313996853 0.259982817172 588.312397817
-0.257645263759 588.848123826 0.257645263759 588.846525126
-0.255324171812 589.382237363 0.255324171812 589.380638997
-0.25301941508 589.916337584 0.25301941508 589.914739549
-0.250730868473 590.450424607 0.250730868472 590.448826899
-0.248712924136 590.986352642 0.248712924136 590.985796078
-0.246937627708 591.52266108 0.246937627708 591.52211338
-0.245198661486 592.058335534 0.245198661486 592.057791151
-0.243482976905 592.593711104 0.243482976905 592.593168623
-0.241786154729 593.128899354 0.241786154729 593.128358164
-0.240106010218 593.663954 0.240106010218 593.663413774
-0.23844124624 594.198905848 0.23844124624 594.198366385
-0.236791000237 594.733774536 0.236791000237 594.733235702
-0.235154651741 595.268573507 0.235154651741 595.268035209
-0.233531727703 595.803312457 0.233531727703 595.802774625
-0.231921850917 596.337998661 0.231921850917 596.337461243
-0.230324709733 596.872637751 0.230324709733 596.872100705
-0.228740039181 597.407234197 0.228740039181 597.406697489
-0.227167608661 597.941791622 0.227167608661 597.941255226
-0.225607213586 598.476313019 0.225607213586 598.475776912
-0.224058669533 599.010800893 0.224058669533 599.010265055
-0.222521808037 599.545257371 0.222521808037 599.544721786
-0.220996473484 600.079684279 0.220996473484 600.079148932
-0.219482520789 600.6140832 0.219482520789 600.61354808
-0.217979813604 601.14845552 0.217979813604 601.147920616
-0.216488222938 601.682802463 0.216488222938 601.682267766
-0.215007626059 602.217125115 0.215007626059 602.216590615
-0.213537905623 602.751424447 0.213537905623 602.750890137
-0.212078948967 603.285701335 0.212078948967 603.285167209
-0.210630647535 603.819956571 0.210630647535 603.819422621
-0.209192896398 604.354190873 0.209192896398 604.353657095
-0.207765593867 604.8884049 0.207765593867 604.887871288
-0.206348641154 605.422599256 0.206348641153 605.422065805
