-119.86878767 0.719364433488 119.86878767 0.670760735415
-119.756263893 1.30900564911 119.756263893 1.25693763984
-119.64416809 1.82749652693 119.64416809 1.77661582485
-119.532547051 2.38521524503 119.532547051 2.33192900259
-119.419834762 2.88442573162 119.419834762 2.83197420126
-119.306945032 3.43071863795 119.306945032 3.37629174029
-119.192889169 3.92000625827 119.192889169 3.86627830083
-119.078431545 4.46020742277 119.078431545 4.40474752854
-118.962944856 4.94298724903 118.962944856 4.88816084746
-118.846890093 5.47944030995 118.846890093 5.42303508579
-118.730023764 5.95736855768 118.730023764 5.90157837985
-118.612399645 6.49139462932 118.612399645 6.4341139676
-118.494267876 6.9652784428 118.494267876 6.90871833528
-118.375086623 7.49785733398 118.375086623 7.43975785603
-118.255767316 8.02769880002 118.255767316 7.96834484478
-118.135087658 8.49999298501 118.135087658 8.44112145321
-118.014458397 9.02844718612 118.014458397 8.96838433403
-117.892531336 9.49862517763 117.892531336 9.43902083742
-117.770658231 10.0259716735 117.770658231 9.96522893249
-117.647540566 10.4943456751 117.647540566 10.4340419812
-117.52448517 11.020787161 117.52448517 10.959390334
-117.400227045 11.4876076859 117.400227045 11.4266334998
-117.276046907 12.0132924906 117.276046907 11.9512646528
-117.150692666 12.4787661479 117.150692666 12.4171466498
-117.025441568 13.0038039756 117.025441568 12.9411658779
-116.899033422 13.4680949708 116.899033422 13.4058524367
-116.772760754 13.9925712122 116.772760754 13.9293415972
-116.645336647 14.4558195067 116.645336647 14.3929738312
-116.518088116 14.9798004772 116.518088116 14.9159963856
-116.389681273 15.4421306018 116.389681273 15.3786997126
-116.261499488 15.9656672103 116.261499488 15.901304236
-116.132144641 16.4271725822 116.132144641 16.3631728521
-116.003067934 16.9503098887 116.003067934 16.8854023248
-115.872795792 17.4110765288 115.872795792 17.3465229601
-115.742627617 17.8693515647 115.742627617 17.8053356127
-115.611700275 18.3939496147 115.611700275 18.3288560512
-115.480543438 18.8520322573 115.480543438 18.7873618138
-115.348918641 19.3758860175 115.348918641 19.3102652849
-115.216841572 19.8336649437 115.216841572 19.7684276364
-115.08450724 20.356968197 115.08450724 20.2908322254
-114.951553546 20.8144212727 114.951553546 20.7486457743
-114.818518673 21.337268753 114.818518673 21.2706286786
-114.684725474 21.7943906925 114.684725474 21.7280952812
-114.551003307 22.3168485282 114.551003307 22.2497147683
-114.416402495 22.7736457662 114.416402495 22.706844608
-114.282008045 23.2957630333 114.282008045 23.2281453633
-114.146629726 23.7522420146 114.146629726 23.6849471832
-114.011577957 24.2740591843 114.011577957 24.2059667874
-113.87544652 24.730239332 113.87544652 24.6624614995
-113.739464012 25.1843492594 113.739464012 25.1170292975
-113.602895563 25.707673428 113.602895563 25.6394223483
-113.466040463 26.1620580875 113.466040463 26.09416298
-113.329013207 26.6845897027 113.329013207 26.6158743652
-113.19138375 27.1389763512 113.19138375 27.0705893646
-113.053835905 27.6610226356 113.053835905 27.591851419
-112.915479928 28.1153263463 112.915479928 28.0464684599
-112.777397922 28.6370046501 112.777397922 28.5673854156
-112.638351102 29.0911827987 112.638351102 29.0218666187
-112.499732862 29.6125623544 112.499732862 29.5425024998
-112.360022567 30.0665982223 112.360022567 29.9968334891
-112.220366455 30.5191638672 112.220366455 30.4497515421
-112.080521375 31.0416101367 112.080521375 30.9714052398
-111.940132769 31.4943642131 111.940132769 31.4244758308
-111.799875599 32.0162457495 111.799875599 31.9456082445
-111.6588158 32.4690417338 111.6588158 32.3987047425
-111.51811088 32.9905333655 111.51811088 32.919470236
-111.376420364 33.4432995917 111.376420364 33.3725268833
-111.234893447 33.894358148 111.234893447 33.8239832842
-111.092960673 34.4171982468 111.092960673 34.3459989287
-110.950676965 34.8687391915 110.950676965 34.797857815
-110.808458475 35.3907668786 110.808458475 35.3191485206
-110.665524748 35.8424745594 110.665524748 35.7711528044
-110.522932912 36.3640370122 110.522932912 36.2920063533
-110.379399732 36.8157983349 110.379399732 36.7440527658
-110.236059181 37.2658694186 110.236059181 37.1945260417
-110.0923057 37.7887902089 110.0923057 37.716630552
-109.94822394 38.2394627221 109.94822394 38.1676138013
-109.804255805 38.7614918408 109.804255805 38.6889256201
-109.659560335 39.2123771161 109.659560335 39.1401005271
-109.515267073 39.7339281751 109.515267073 39.660961852
-109.370007947 40.1849107222 109.370007947 40.112222874
-109.224879646 40.6345099835 109.224879646 40.5621694975
-109.079566731 41.157141966 109.079566731 41.0840522229
-108.933779273 41.6072091894 108.933779273 41.534416584
-108.788246288 42.1291121367 108.788246288 42.055627608
-108.641891748 42.5793843764 108.641891748 42.5061804459
-108.495891992 43.0275754366 108.495891992 42.9549854482
-108.349182176 43.5512267186 108.349182176 43.4776245504
-108.202362689 44.0005382027 108.202362689 43.9272442918
-108.05565001 44.5228039041 108.05565001 44.4488116899
-107.908252166 44.9724451594 107.908252166 44.8987359884
-107.761301703 45.4941558457 107.761301703 45.419780057
-107.613389871 45.9439608486 107.613389871 45.8698563321
-107.465589169 46.3925840792 107.465589169 46.3188026242
-107.317759545 46.9151992785 107.317759545 46.8407090579
-107.169365166 47.3642838835 107.169365166 47.290078878
-107.021361654 47.8862135636 107.021361654 47.8113445712
-106.872459937 48.335518572 106.872459937 48.2609207635
-106.723710599 48.7835600008 106.723710599 48.7093000571
-106.57483613 49.3064660954 106.57483613 49.231486771
-106.425482668 49.7550780919 106.425482668 49.6803849865
-106.276491427 50.2771841783 106.276491427 50.2018307099
-106.126638908 50.7260620344 106.126638908 50.6509790422
-105.976967351 51.1736312998 105.976967351 51.0988950447
-105.827125581 51.6967404295 105.827125581 51.6212801746
-105.676846072 52.144961696 105.676846072 52.0697869596
-105.526930992 52.6671949252 105.526930992 52.5913651024
-105.376165812 53.1157068318 105.376165812 53.0401460688
-105.225580669 53.5629563234 105.225580669 53.4877370671
-105.074857003 54.0861425676 105.074857003 54.0102090176
-104.923681753 54.5340490039 104.923681753 54.4583983963
-104.772904139 55.0563577676 104.772904139 54.9800592307
-104.621262088 55.5045588537 104.621262088 55.4285272565
-104.469774354 55.9516182636 104.469774354 55.8759125218
-104.318246337 56.474772546 104.318246337 56.3983729105
-104.166205047 56.9224293858 104.166205047 56.8463086545
-104.014621376 57.4447676928 104.014621376 57.3680076831
-103.862133676 57.8927146225 103.862133676 57.8162188485
-103.709768421 58.3396548032 103.709768421 58.2634678097
-103.557496707 58.862715326 103.557496707 58.7858564883
-103.404619896 59.3101745103 103.404619896 59.2335897528
-103.252280496 59.8325065946 103.252280496 59.755292024
-103.098979695 60.280242383 103.098979695 60.2032889779
-102.94576699 60.7271076526 102.94576699 60.6504482694
-102.792799709 61.2500437505 102.792799709 61.1727323707
-102.639117629 61.6973483266 102.639117629 61.6203059542
-102.485702586 62.1432447032 102.485702586 62.0665905385
-102.331985994 62.667205583 102.331985994 62.5898010106
-102.177960871 63.1140163883 102.177960871 63.0368941965
-102.024336241 63.6368198108 102.024336241 63.5590623572
-101.869880579 64.0840005013 101.869880579 64.0065071317
-101.715580663 64.5301557056 101.715580663 64.4529782956
-101.561327509 65.0536604204 101.561327509 64.9758110698
-101.406527093 65.5004242158 101.406527093 65.4228481549
-101.252276919 66.0230976736 101.252276919 65.9449004443
-101.097080306 66.4701756234 101.097080306 66.3922378773
-100.941975972 66.9164457748 100.941975972 66.8387981322
-100.787172319 67.4396484554 100.787172319 67.361360591
-100.631631739 67.8863731034 100.631631739 67.8083512846
-100.476303038 68.3319441723 100.476303038 68.2542627942
-100.320877666 68.8559165939 100.320877666 68.7775409802
-100.165020331 69.3022508385 100.165020331 69.2241510359
-100.009674615 69.8252181446 100.009674615 69.7464979276
-99.8534293793 70.2719053497 99.8534293793 70.1934452121
-99.6972949661 70.71777121 99.6972949661 70.6396048789
-99.5414257144 71.241257851 99.5414257144 71.1624506847
-99.3848605943 71.6876232341 99.3848605943 71.6090825161
-99.2285278892 72.1328129819 99.2285278892 72.0546209697
-99.0720679053 72.6570550187 99.0720679053 72.5781634821
-98.9152055021 73.1030708805 98.9152055021 73.0244549526
-98.7588666023 73.6262376216 98.7588666023 73.5470050475
-98.6016313087 74.0726204116 98.6016313087 73.9936473425
-98.4445065028 74.5182198445 98.4445065028 74.4395381659
-98.2876843389 75.0418587742 98.2876843389 74.9625423389
-98.130147891 75.4879568257 98.130147891 75.4089055356
-97.9728178099 75.9329982745 97.9728178099 75.854277505
-97.8154661952 76.4572756333 97.8154661952 76.3778775722
-97.6576480723 76.9030672017 97.6576480723 76.8239419355
-97.5004110969 77.4263432201 97.5004110969 77.3466080442
-97.3422411678 77.8724942324 97.3422411678 77.7930169203
-97.1841673198 78.3179364488 97.1841673198 78.2387437311
-97.0264925449 78.8416172364 97.0264925449 78.7618007966
-96.8680366191 79.2875223914 96.8680366191 79.2079684812
-96.70974224 79.7325404116 96.70974224 79.653293488
-96.5516055449 80.256720072 96.5516055449 80.1768242811
-96.3928783011 80.7023685786 96.3928783011 80.6227411687
-96.2344366767 81.1467620698 96.2344366767 81.0675136707
-96.0757741498 81.6716634641 96.0757741498 81.5916902866
-95.9167941951 82.1170316896 95.9167941951 82.0373347937
-95.7583513343 82.6406747848 95.7583513343 82.5603671584
-95.5990262034 83.0864468729 95.5990262034 83.0063983488
-95.4398155773 83.5314991303 95.4398155773 83.4517389233
-95.2809709427 84.055522182 95.2809709427 83.9751371536
-95.121384294 84.5010817028 95.121384294 84.4209600742
-94.9619750508 84.945748894 94.9619750508 84.8659377702
-94.8027082442 85.4702332088 94.8027082442 85.3897723891
-94.6428729915 85.9155709772 94.6428729915 85.8353787826
-94.4833222704 86.359700558 94.4833222704 86.2798812256
-94.3235844248 86.8848189691 94.3235844248 86.8042839987
-94.1635169814 87.3299144753 94.1635169814 87.2496548666
-94.0040195144 87.8537722776 94.0040195144 87.7729062692
-93.8436247086 88.2992780907 93.8436247086 88.2186706219
-93.6833386838 88.7441169252 93.6833386838 88.6637941242
-93.5234844768 89.2682957388 93.5234844768 89.1873554569
-93.3628483936 89.7136224092 93.3628483936 89.6329441824
-93.2023664846 90.1581619538 93.2023664846 90.0777830455
-93.0421452181 90.6827102141 93.0421452181 90.6016969701
-92.881277211 91.1278555931 92.881277211 91.0471084674
-92.7206258897 91.5720383281 92.7206258897 91.4916178524
-92.5600193848 92.0970288085 92.5600193848 92.0159439359
-92.3989315011 92.5419821617 92.3989315011 92.4611682097
-92.2381799946 92.9856134247 92.2381799946 92.9052165238
-92.077130695 93.5112471969 92.077130695 93.4300919711
-91.9158326494 93.9560033693 91.9158326494 93.8751250311
-91.7551048402 94.4801944291 91.7551048402 94.3987110237
-91.5934945081 94.9253812551 91.5934945081 94.8441569967
-91.4319977139 95.3699287322 91.4319977139 95.2889890183
-91.2709584114 95.8943903697 91.2709584114 95.8128363671
-91.1091321676 96.339428637 91.1091321676 96.2581366472
-90.9474511364 96.7837462474 90.9474511364 96.7027495663
-90.786096329 97.3085058444 90.786096329 97.2268822835
-90.6240606302 97.7533980545 90.6240606302 97.6720396836
-90.4622142676 98.197449684 90.4622142676 98.1164034894
-90.3005358203 98.7225474542 90.3005358203 98.6408553556
-90.1382969034 99.1672959732 90.1382969034 99.0858726042
-89.9763129082 99.6110163465 89.9763129082 99.5299372817
-89.8142936334 100.136521322 89.8142936334 100.054761681
-89.6518616467 100.581117383 89.6518616467 100.499630534
-89.489789172 101.024369868 89.489789172 100.943323029
-89.3273867038 101.550432287 89.3273867038 101.468606086
-89.1647679409 101.994876494 89.1647679409 101.913327762
-89.0027414591 102.519402296 89.0027414591 102.437250932
-88.83983074 102.964286038 88.83983074 102.88239422
-88.677033581 103.408572657 88.677033581 103.326963888
-88.5147449824 103.933311477 88.5147449824 103.851093261
-88.351642026 104.378085825 88.351642026 104.296129308
-88.1886750882 104.822207652 88.1886750882 104.740541069
-88.0261256029 105.347169081 88.0261256029 105.264884812
-87.8628361023 105.791835587 87.8628361023 105.709815271
-87.699708565 106.235782937 87.699708565 106.154061397
-87.5368985349 106.760979148 87.5368985349 106.678629595
-87.3734279206 107.205539506 87.3734279206 107.12345627
-87.2101499649 107.649298827 87.2101499649 107.567526329
-87.0470784497 108.174745837 87.0470784497 108.092331737
-86.8834318954 108.619201886 86.8834318954 108.53705659
-86.7200155036 109.062753219 86.7200155036 108.980936071
-86.5566795125 109.588473355 86.5566795125 109.505995412
-86.3928619335 110.032827104 86.3928619335 109.950620584
-86.2293226347 110.476138491 86.2293226347 110.394288589
-86.0657154083 111.00216592 86.0657154083 110.919624807
-85.9017335823 111.446413944 85.9017335823 111.36414706
-85.7381005667 111.889409696 85.7381005667 111.807561911
-85.5742022804 112.415820881 85.5742022804 112.333217226
-85.4100602584 112.859966733 85.4100602584 112.777640326
-85.2464032409 113.302438452 85.2464032409 113.220785569
-85.0821521181 113.829445096 85.0821521181 113.746779516
-84.9178540055 114.273491557 84.9178540055 114.191106436
-84.7541474444 114.798531403 84.7541474444 114.715543216
-84.5895770491 115.243043559 84.5895770491 115.160316637
-84.4251267055 115.686993613 84.4251267055 115.604550553
-84.2612194726 116.212175774 84.2612194726 116.129125462
-84.0964906997 116.656616332 84.0964906997 116.573828609
-83.9318937499 117.100467923 83.9318937499 117.017967803
-83.7677894032 117.625792954 83.7677894032 117.542681039
-83.6029051783 118.070167121 83.6029051783 117.98731912
-83.4381647937 118.513924356 83.4381647937 118.431367933
-83.2738679373 119.039389162 83.2738679373 118.956216167
-83.108831206 119.483701561 83.108831206 119.400793765
-82.9439530321 119.927361243 82.9439530321 119.844749401
-82.7794674346 120.452965308 82.7794674346 120.369731713
-82.6142825646 120.897216743 82.6142825646 120.814249609
-82.4492687432 121.34078526 82.4492687432 121.258118711
-82.2845991722 121.866524606 82.2845991722 121.783230884
-82.1192705109 122.310715478 82.1192705109 122.227689436
-81.9541256801 122.754191886 81.9541256801 122.671471546
-81.78927586 123.280065819 81.78927586 123.196712403
-81.6238053629 123.724202484 81.6238053629 123.641117931
-81.4585312485 124.167593538 81.4585312485 124.084819969
-81.293506557 124.693595738 81.293506557 124.610183062
-81.1278982642 125.137678672 81.1278982642 125.054535979
-80.9625021978 125.580974993 80.9625021978 125.498149507
-80.7973050658 126.107108712 80.7973050658 126.02363715
-80.6315601956 126.551145745 80.6315601956 126.467945253
-80.4660396619 126.994365647 80.4660396619 126.91148814
-80.3006776135 127.520617188 80.3006776135 127.437087154
-80.1348001113 127.964608258 80.1348001113 127.881350272
-79.9691620734 128.407742644 79.9691620734 128.324814401
-79.8036378422 128.934113944 79.8036378422 128.850525777
-79.6376306045 129.378061941 79.6376306045 129.294746763
-79.471874241 129.821124006 79.471874241 129.738145009
-79.306194273 130.347604641 79.306194273 130.263958697
-79.1400605401 130.791510988 79.1400605401 130.708138888
-78.9741883031 131.234504152 78.9741883031 131.151474797
-78.8083575717 131.761088399 78.8083575717 131.677385003
-78.6420980787 132.204960894 78.6420980787 132.121532093
-78.476112542 132.647887787 78.476112542 132.564808242
-78.3101364415 133.174568384 78.3101364415 133.090807848
-78.1437539251 133.618409321 78.1437539251 133.534924042
-77.9776524492 134.061287797 77.9776524492 133.978156745
-77.8115390196 134.588048644 77.8115390196 134.504231278
-77.6450363417 135.03185958 77.6450363417 134.948318019
-77.4788242779 135.47468376 77.4788242779 135.391501898
-77.3125769506 136.00152373 77.3125769506 135.917649802
-77.1459561962 136.445308372 77.1459561962 136.36171073
-76.979629669 136.888099391 76.979629669 136.804864519
-76.8132571176 137.41499999 76.8132571176 137.331069786
-76.6465208417 137.858760244 76.6465208417 137.775106689
-76.4800846391 138.301513381 76.4800846391 138.218225817
-76.3135904848 138.828472501 76.3135904848 138.744486268
-76.1467405175 139.272212276 76.1467405175 139.188502984
-75.9801900187 139.714950426 75.9801900187 139.631607312
-75.8135833327 140.241947901 75.8135833327 140.15790591
-75.6466220153 140.685669197 75.6466220153 140.601904318
-75.4799616917 141.128388085 75.4799616917 141.044989546
-75.3132460963 141.655421383 75.3132460963 141.571323863
-75.1461750659 142.099128156 75.1461750659 142.015307847
-74.9794001165 142.541850688 74.9794001165 142.458393847
-74.8125845436 143.068899663 74.8125845436 142.984746869
-74.6454059731 143.512593902 74.6454059731 143.4287183
-74.4785165001 143.955328135 74.4785165001 143.871811916
-74.311606927 144.482382067 74.311606927 144.398174229
-74.1443226586 144.926066546 74.1443226586 144.842135787
-73.9773230917 145.368807626 73.9773230917 145.285232483
-73.8103225638 145.895865122 73.8103225638 145.811602449
-73.642934 146.339543765 73.642934 146.255557997
-73.4758202384 146.782311597 73.4758202384 146.698675735
-73.3087364868 147.30935569 73.3087364868 147.225038417
-73.1412456038 147.753030364 73.1412456038 147.668989717
-72.9740223847 148.195818707 72.9740223847 148.112122907
-72.8068579512 148.722849107 72.8068579512 148.638477434
-72.6392660823 149.166523479 72.6392660823 149.082428101
-72.4719338911 149.609338336 72.4719338911 149.525582439
-72.304693315 150.136347966 72.304693315 150.051922102
-72.137004098 150.580019452 72.137004098 150.495869513
-71.9695631242 151.022867587 71.9695631242 150.939051669
-71.8022503896 151.549850923 71.8022503896 151.465371075
-71.6344631464 151.993527874 71.6344631464 151.909323499
-71.4669149665 152.436411418 71.4669149665 152.352535666
-71.2995340875 152.963362562 71.2995340875 152.878828939
-71.1316524743 153.407041916 71.1316524743 153.322783274
-70.9639977597 153.849965715 70.9639977597 153.766030483
-70.7965520654 154.376880754 70.7965520654 154.292293555
-70.628577447 154.820565243 70.628577447 154.736252486
-70.460820818 155.263522612 70.460820818 155.179528755
-70.2933118418 155.790403232 70.2933118418 155.705762637
-70.1252453069 156.234096263 70.1252453069 156.149729555
-69.9573878561 156.677090389 69.9573878561 156.593038243
-69.7898186507 157.203933082 69.7898186507 157.119239291
-69.6216635387 157.647632043 69.6216635387 157.563211559
-69.4537060476 158.090666937 69.4537060476 158.006556905
-69.2860792645 158.617469275 69.2860792645 158.532722482
-69.1178348173 159.061181766 69.1178348173 158.976707662
-68.9497792062 159.504257636 68.9497792062 159.420090104
-68.7820976407 160.031016475 68.7820976407 159.94621688
-68.6137672489 160.474739357 68.6137672489 160.390211806
-68.4456174202 160.917851207 68.4456174202 160.833626842
-68.2778821028 161.444568933 68.2778821028 161.359716704
-68.1094686127 161.88830063 68.1094686127 161.803719811
-67.9412252748 162.331452237 67.9412252748 162.247171427
-67.7734383095 162.858127544 67.7734383095 162.773222871
-67.6049408768 163.301875401 67.6049408768 163.217241488
-67.4366085291 163.745059609 67.4366085291 163.660722868
-67.2687711763 164.271693708 67.2687711763 164.186736765
-67.1001946022 164.715450949 67.1001946022 164.630764119
-66.9317709168 165.158679596 66.9317709168 165.074287146
-66.7638859531 165.685268597 66.7638859531 165.60025959
-66.5952295681 166.129041693 66.5952295681 166.044302126
-66.4267190269 166.572307387 66.4267190269 166.487859694
-66.2587875833 167.098852523 66.2587875833 167.013791626
-66.0900542285 167.542639279 66.0900542285 167.457847149
-65.9214601378 167.985938237 65.9214601378 167.901435737
-65.753483006 168.512441675 65.753483006 168.427329047
-65.5846734227 168.95624508 65.5846734227 168.87140057
-65.4159968392 169.399579241 65.4159968392 169.315022236
-65.2478677178 169.841215045 65.2478677178 169.757461802
-65.0790909933 170.369861824 65.0790909933 170.284965119
-64.9103331379 170.813232455 64.9103331379 170.728621237
-64.7419926325 171.255309585 64.7419926325 171.171192988
-64.5733127236 171.783486948 64.5733127236 171.698538218
-64.4044767363 172.226890389 64.4044767363 172.142225313
-64.2359936261 172.669198615 64.2359936261 172.584942957
-64.0673449229 173.19711715 64.0673449229 173.112116565
-63.89843143 173.640556285 63.89843143 173.555837639
-63.7298263725 174.083035475 63.7298263725 173.998686918
-63.5611903665 174.610757247 63.5611903665 174.525704992
-63.392202616 175.054227842 63.392202616 174.96945593
-63.2234863659 175.49684904 63.2234863659 175.412424001
-63.0548537788 176.02440679 63.0548537788 175.93930305
-62.8857927127 176.467910472 62.8857927127 176.38308555
-62.716976558 176.910644053 62.716976558 176.826151041
-62.5483400818 177.438064298 62.5483400818 177.352909238
-62.37920642 177.881603253 62.37920642 177.796725578
-62.2102954126 178.324437996 62.2102954126 178.239881207
-62.0416520061 178.851733466 62.0416520061 178.766527272
-61.8724488029 179.295303699 61.8724488029 179.210373531
-61.7034496661 179.738224169 61.7034496661 179.653606725
-61.5347956278 180.265409717 61.5347956278 180.180152548
-61.3655254259 180.709008735 61.3655254259 180.624026326
-61.1964435467 181.152003616 61.1964435467 181.067327606
-61.0277761585 181.679090875 61.0277761585 181.593782891
-60.8584393914 182.122721418 60.8584393914 182.037687005
-60.6892743161 182.565795197 60.6892743161 182.48106172
-60.5205940273 183.092785471 60.5205940273 183.007426877
-60.3511937109 183.536443347 60.3511937109 183.451357151
-60.1819528529 183.979579286 60.1819528529 183.894789744
-60.0132568803 184.506484259 60.0132568803 184.42107519
-59.8437932163 184.950172689 59.8437932163 184.865034936
-59.674478155 185.393369845 59.674478155 185.308525028
-59.5057662839 185.920192809 59.5057662839 185.834733446
-59.3362418425 186.363908783 59.3362418425 186.278719685
-59.166853846 186.807167044 59.166853846 186.722267637
-58.9980325736 187.248693706 58.9980325736 187.164639154
-58.8285413042 187.777656288 58.8285413042 187.692416058
-58.6590842996 188.220968318 58.6590842996 188.136014971
-58.4900276034 188.663063095 58.4900276034 188.578571577
-58.3206970431 189.19141043 58.3206970431 189.106119263
-58.1511741662 189.634771288 58.1511741662 189.549764552
-57.9819750618 190.07714658 57.9819750618 189.992521866
-57.8127117825 190.605173387 57.8127117825 190.519831491
-57.6431240526 191.048583402 57.6431240526 190.963523703
-57.4738137207 191.491146282 57.4738137207 191.406435896
-57.3045891009 192.018944321 57.3045891009 191.933551882
-57.1349394101 192.462399103 57.1349394101 192.377286864
-56.9655335905 192.905105331 56.9655335905 192.820323905
-56.7963334195 193.432720784 56.7963334195 193.347277983
-56.6266243426 193.876216854 56.6266243426 193.791052451
-56.4571300339 194.319048335 56.4571300339 194.234202248
-56.2879470944 194.846505228 56.2879470944 194.761012261
-56.1181793308 195.290043604 56.1181793308 195.204827358
-55.9486051546 195.73297812 55.9486051546 195.648071376
-55.7794332952 196.260297242 55.7794332952 196.174754284
-55.6096093301 196.703874524 55.6096093301 196.618606744
-55.4399614712 197.146897394 55.4399614712 197.061932507
-55.2707961035 197.674094612 55.2707961035 197.588501829
-55.1009162641 198.117712773 55.1009162641 198.032393746
-54.9311975542 198.560818458 54.9311975542 198.475796986
-54.7620363974 199.087902243 54.7620363974 199.002259826
-54.5921032453 199.531557461 54.5921032453 199.446187452
-54.422318281 199.974735982 54.422318281 199.889659227
-54.2531585099 200.501716582 54.2531585099 200.416024694
-54.0831741695 200.945406317 54.0831741695 200.859985573
-53.9133267791 201.388650004 53.9133267791 201.303518951
-53.7439343675 201.830521999 53.7439343675 201.745950797
-53.5741307358 202.359262421 53.5741307358 202.273791189
-53.4042223635 202.802569699 53.4042223635 202.717385056
-53.2346588464 203.24484099 53.2346588464 203.160057236
-53.0649756926 203.773125273 53.0649756926 203.687603776
-52.8950096285 204.216489927 52.8950096285 204.131252345
-52.7253299059 204.658992964 52.7253299059 204.57411095
-52.5557126623 205.186992725 52.5557126623 205.101421173
-52.3856896294 205.630415205 52.3856896294 205.545125202
-52.2159125559 206.073094515 52.2159125559 205.988136988
-52.0463419226 206.600870229 52.0463419226 206.515248842
-51.8762671361 207.044339392 51.8762671361 206.958997452
-51.7064089777 207.487149767 51.7064089777 207.40212672
-51.536870406 208.014747468 51.536870406 207.929076417
-51.3667438437 208.458265909 51.3667438437 208.372872432
-51.1968077057 208.901199608 51.1968077057 208.816115174
-51.0272958969 209.428635961 51.0272958969 209.342915477
-50.8571185571 209.87220298 50.8571185571 209.786758319
-50.6871151822 210.315231723 50.6871151822 210.230089136
-50.5176229307 210.84252978 50.5176229307 210.756760025
-50.3473988441 211.286137689 50.3473988441 211.200642172
-50.1773304349 211.729257382 50.1773304349 211.644058458
-50.0078539703 212.256429318 50.0078539703 212.170610483
-49.8375834405 212.700079423 49.8375834405 212.614533351
-49.6674551254 213.143277888 49.6674551254 213.058024028
-49.4978972238 213.584759774 49.4978972238 213.500353436
-49.3276759746 214.114024613 49.3276759746 214.028428262
-49.1574916705 214.557293354 49.1574916705 214.471985609
-48.9876816957 214.99944693 48.9876816957 214.914569576
-48.8176774638 215.52797638 48.8176774638 215.442330016
-48.6474386624 215.971313096 48.6474386624 215.885952229
-48.4774991002 216.413759357 48.4774991002 216.328762068
-48.3075899406 216.941934426 48.3075899406 216.85623829
-48.1373020262 217.38532709 48.1373020262 217.299913804
-47.967267589 217.82796303 47.967267589 217.742886257
-47.797419325 218.355890129 47.797419325 218.270144425
-47.6270803217 218.799345787 47.6270803217 218.713880602
-47.4569609533 219.242142287 47.4569609533 219.156997234
-47.2871613798 219.769858514 47.2871613798 219.684063498
-47.1167767134 220.213364843 47.1167767134 220.127848242
-46.9465861944 220.656284027 46.9465861944 220.571077225
-46.7768229758 221.183827602 46.7768229758 221.097983453
-46.6063945932 221.62738178 46.6063945932 221.541814178
-46.4361374784 222.070412042 46.4361374784 221.985146682
-46.2664043544 222.59780205 46.2664043544 222.511908983
-46.0959326707 223.041404669 46.0959326707 222.95578643
-45.9256155335 223.484529101 45.9256155335 223.399207397
-45.755907017 224.011782383 45.755907017 223.92584059
-45.5853941705 224.455429862 45.5853941705 224.369761317
-45.4150218299 224.898636911 45.4150218299 224.813260396
-45.2451389162 225.340385322 45.2451389162 225.25563296
-45.074781412 225.869456432 45.074781412 225.78373788
-44.9043578101 226.312737166 44.9043578101 226.227306964
-44.7342791021 226.754998518 44.7342791021 226.669968254
-44.5640947725 227.283488064 44.5640947725 227.197719796
-44.3936236228 227.726834158 44.3936236228 227.64135112
-44.2234327422 228.169351947 44.2234327422 228.084220786
-44.0533387427 228.697518081 44.0533387427 228.611700337
-43.8828205042 229.140929984 43.8828205042 229.055394786
-43.7125398122 229.583637495 43.7125398122 229.498431081
-43.5425118119 230.111554468 43.5425118119 230.02568751
-43.371949611 230.555025482 43.371949611 230.469438705
-43.201594006 230.997880139 43.201594006 230.912608515
-43.031616746 231.525594328 43.031616746 231.439678382
-42.8610130598 231.969119702 42.8610130598 231.88348184
-42.6905921969 232.412095077 42.6905921969 232.326763223
-42.5206556566 232.939636704 42.5206556566 232.853671987
-42.3500107676 233.383217156 42.3500107676 233.297528641
-42.1795294577 233.826300492 42.1795294577 233.740911182
-42.009627642 234.353687249 42.009627642 234.267673996
-41.8389459088 234.797313323 41.8389459088 234.711574529
-41.6684119661 235.240484803 41.6684119661 235.155040131
-41.4984604827 235.681916851 41.4984604827 235.597364597
-41.3278193429 236.211410891 41.3278193429 236.125622173
-41.1572349741 236.654665576 41.1572349741 236.56916682
-40.987018955 237.096835975 40.987018955 237.011761501
-40.8166319404 237.625511061 40.8166319404 237.539672733
-40.6460010285 238.068839901 40.6460010285 237.983288102
-40.4756607007 238.511315567 40.4756607007 238.426122591
-40.3053857276 239.039612649 40.3053857276 238.953725001
-40.1347114862 239.483008592 40.1347114862 239.397404569
-39.9642804195 239.925688955 39.9642804195 239.840417096
-39.7940824823 240.45371519 39.7940824823 240.367778494
-39.6233656339 240.89717758 39.6233656339 240.811521985
-39.4528612453 241.340012248 39.4528612453 241.254673784
-39.2827226237 241.867821052 39.2827226237 241.781835569
-39.1119678591 242.31133937 39.1119678591 242.225632778
-38.9413973663 242.754308301 38.9413973663 242.668908813
-38.7713076971 243.281930365 38.7713076971 243.19589636
-38.6005154987 243.725504566 38.6005154987 243.63974746
-38.4298873583 244.168584788 38.4298873583 244.083127669
-38.2598384955 244.696044209 38.2598384955 244.609961927
-38.0890110892 245.139670048 38.0890110892 245.053862859
-37.9183337024 245.582839877 37.9183337024 245.497327387
-37.7482408391 246.024269058 37.7482408391 245.939649713
-37.5774594487 246.553828266 37.5774594487 246.467971379
-37.4067343448 246.997084843 37.4067343448 246.911518403
-37.2363708683 247.439281898 37.2363708683 247.35413357
-37.0658562058 247.967993776 37.0658562058 247.882087579
-36.8950858508 248.411331166 36.8950858508 248.325711848
-36.7246032275 248.853828734 36.7246032275 248.76856555
-36.5542048225 249.382160538 36.5542048225 249.296205355
-36.3833946274 249.825566096 36.3833946274 249.739894845
-36.2128251399 250.26826787 36.2128251399 250.182927128
-36.0425080073 250.796326295 36.0425080073 250.710322447
-35.8716606707 251.239794535 35.8716606707 251.154072086
-35.7010179322 251.682660942 35.7010179322 251.597254198
-35.5307654358 252.210495679 35.5307654358 252.124443502
-35.3598817517 252.654025712 35.3598817517 252.568252683
-35.1891803031 253.097016381 35.1891803031 253.011549635
-35.018979598 253.624665922 35.018979598 253.538565706
-34.8480617699 254.068253725 34.8480617699 253.982430683
-34.6773062833 254.511356474 34.6773062833 254.425832819
-34.507150286 255.038841445 34.507150286 254.952693521
-34.3362025935 255.482477871 34.3362025935 255.396605317
-34.1653986433 255.925678793 34.1653986433 255.840100438
-33.9950858526 256.36743181 33.9950858526 256.282479694
-33.824303389 256.896704746 33.824303389 256.810783167
-33.6534560707 257.339991367 33.6534560707 257.254359864
-33.4829500008 257.782284876 33.4829500008 257.697048185
-33.3123664459 258.310932697 33.3123664459 258.224962551
-33.1414796798 258.754296182 33.1414796798 258.668612736
-32.9708628231 259.196876138 32.9708628231 259.111539317
-32.8003918449 259.725165897 32.8003918449 259.63914765
-32.6294693056 260.168598192 32.6294693056 260.08286378
-32.4587741245 260.611369262 32.4587741245 260.52596022
-32.2883837753 261.139398665 32.2883837753 261.05333275
-32.1174260627 261.58290004 32.1174260627 261.497115511
-31.9466679059 262.025819005 31.9466679059 261.940347259
-31.7763423866 262.55363566 31.7763423866 262.467522533
-31.6053542998 262.997195993 31.6053542998 262.911362129
-31.4345397321 263.440245653 31.4345397321 263.354715978
-31.2642695287 263.967878031 31.2642695287 263.881718186
-31.0932517821 264.411497445 31.0932517821 264.325614972
-30.9223913897 264.854650469 30.9223913897 264.769066089
-30.752168098 265.382124199 30.752168098 265.295918113
-30.5811247486 265.825795182 30.5811247486 265.739864798
-30.4102211806 266.269046558 30.4102211806 266.183409544
-30.2397187359 266.71113092 30.2397187359 266.62595595
-30.068971459 267.240100328 30.068971459 267.154122751
-29.8980299921 267.683438217 29.8980299921 267.59775025
-29.7273921931 268.125900575 29.7273921931 268.040579986
-29.5567952814 268.654411469 29.5567952814 268.56838742
-29.3858222217 269.097822326 29.3858222217 269.012084848
-29.2150996179 269.54051267 29.2150996179 269.455111801
-29.0446021743 270.068722782 29.0446021743 269.982652999
-28.8735984912 270.512207404 28.8735984912 270.426421661
-28.7028087957 270.955075976 28.7028087957 270.869610264
-28.5323914194 271.483045084 28.5323914194 271.396930392
-28.3613608501 271.926597282 28.3613608501 271.84076447
-28.1905173671 272.369609265 28.1905173671 272.284086196
-28.0201671523 272.897377972 28.0201671523 272.811219244
-27.8491129264 273.340993572 27.8491129264 273.255114878
-27.6782249678 273.784126855 27.6782249678 273.698550851
-27.5079334035 274.311722908 27.5079334035 274.225521095
-27.3368586167 274.755398685 27.3368586167 274.669475328
-27.1659334084 275.198638078 27.1659334084 275.11301226
-26.9955098115 275.640414213 26.9955098115 275.555437402
-26.8246023207 276.169815362 26.8246023207 276.083848625
-26.6536458942 276.61314996 26.6536458942 276.527476845
-26.4830334038 277.055501225 26.4830334038 276.97022655
-26.3123490456 277.584246655 26.3123490456 277.498237916
-26.1413667344 278.027668445 26.1413667344 277.941950273
-25.9706599905 278.470309926 25.9706599905 278.384942445
-25.8001045062 278.998695975 25.8001045062 278.912646742
-25.6291012555 279.442199031 25.6291012555 279.356437949
-25.4583307341 279.885047111 25.4583307341 279.799615553
-25.2878752355 280.413167162 25.2878752355 280.327079101
-25.1168558165 280.856747154 25.1168558165 280.770945336
-24.9460389143 281.299759804 24.9460389143 281.214275438
-24.7756687134 281.827664566 24.7756687134 281.74153954
-24.6046378857 282.271318457 24.6046378857 282.185478186
-24.4337868874 282.714470652 24.4337868874 282.628940094
-24.2634935164 283.242193149 24.2634935164 283.156033253
-24.0924561622 283.685918998 24.0924561622 283.600042737
-23.9215809265 284.129194651 23.9215809265 284.043622829
-23.7513594919 284.656758583 23.7513594919 284.570566187
-23.5803225709 285.100551038 23.5803225709 285.014641488
-23.4094336966 285.543934741 23.4094336966 285.458326026
-23.2389474903 285.986184273 23.2389474903 285.901035423
-23.0682475154 286.515226057 23.0682475154 286.429286249
-22.8973508996 286.958716571 22.8973508996 286.873075009
-22.7267692661 287.401340653 22.7267692661 287.316074574
-22.55624523 287.92995018 22.55624523 287.843983496
-22.3853508424 288.373538539 22.3853508424 288.287868424
-22.2147169121 288.816425011 22.2147169121 288.731101096
-22.0443304697 289.344735648 22.0443304697 289.258745953
-21.8734466363 289.788419603 21.8734466363 289.702725472
-21.7027926466 290.231496503 21.7027926466 290.146134747
-21.5325249139 290.759584716 21.5325249139 290.673576353
-21.3616596337 291.203366371 21.3616596337 291.11765324
-21.1909999304 291.646617303 21.1909999304 291.561228358
-21.0208465427 292.174517602 21.0208465427 292.088495598
-20.8500113213 292.618393361 20.8500113213 292.532666822
-20.6793636744 293.061797541 20.6793636744 292.976390553
-20.5093226033 293.58954165 20.5093226033 293.503511717
-20.3385272744 294.033516367 20.3385272744 293.947782736
-20.1679059308 294.477067427 20.1679059308 294.391650839
-19.9978862407 294.918937379 19.9978862407 294.834394847
-19.827237872 295.448750882 19.827237872 295.363017335
-19.6566593472 295.892442101 19.6566593472 295.807024745
-19.4864821266 296.335080612 19.4864821266 296.250112178
-19.3161771028 296.864118206 19.3161771028 296.778392953
-19.1456587217 297.307946749 19.1456587217 297.22253814
-18.975470598 297.750951103 18.975470598 297.665933432
-18.8053864117 298.279637417 18.8053864117 298.193929855
-18.6349441495 298.723610843 18.6349441495 298.638221524
-18.4647906114 299.166900958 18.4647906114 299.081881207
-18.2949097109 299.695340099 18.2949097109 299.609661044
-18.1245639102 300.13946226 18.1245639102 300.054104153
-17.9544833584 300.582991393 17.9544833584 300.497994136
-17.7848034416 301.111249082 17.7848034416 301.025610938
-17.6145758545 301.555529477 17.6145758545 301.470216154
-17.444598792 301.999284822 17.444598792 301.914329399
-17.275129234 302.527400296 17.275129234 302.441817379
-17.1050463972 302.971846421 17.1050463972 302.886593399
-16.9352029551 303.415828425 16.9352029551 303.330934038
-16.7659597455 303.943831912 16.7659597455 303.858320728
-16.5960492237 304.388460231 16.5960492237 304.303285313
-16.4263743565 304.832669515 16.4263743565 304.747856867
-16.2573786541 305.360588481 16.2573786541 305.275168057
-16.0876715703 305.805419896 16.0876715703 305.72034356
-15.918200342 306.249871829 15.918200342 306.165163751
-15.7494587895 306.692486642 15.7494587895 306.608912227
-15.5800159921 307.222777271 15.5800159921 307.137823082
-15.4107914703 307.667483471 15.4107914703 307.582905972
-15.2421092132 308.110985931 15.2421092132 308.027008356
-15.073199742 308.640596686 15.073199742 308.555791817
-14.9042673605 309.085581904 14.9042673605 309.001164509
-14.735820177 309.529599143 14.735820177 309.445698647
-14.5673561878 310.05895643 14.5673561878 309.974332222
-14.3987694806 310.50424629 14.3987694806 310.420022871
-14.2306502777 310.948692018 14.2306502777 310.864968383
-14.0626436053 311.477936063 14.0626436053 311.393528637
-13.894464139 311.923561005 13.894464139 311.839570514
-13.7267483723 312.368433525 13.7267483723 312.284944471
-13.5592411632 312.89763635 13.5592411632 312.813487396
-13.3915362836 313.343640487 13.3915362836 313.259927679
-13.2243109328 313.788938399 13.2243109328 313.705740837
-13.0573563411 314.318169577 13.0573563411 314.23432715
-12.8902061707 314.764597056 12.8902061707 314.68121353
-12.7235593155 315.210354339 12.7235593155 315.127507945
-12.557226172 315.73966977 12.557226172 315.656189302
-12.3907212983 316.186574899 12.3907212983 316.103580068
-12.2247631097 316.632803889 12.2247631097 316.550378684
-12.0591263933 317.162281768 12.0591263933 317.079227102
-11.893372555 317.609722463 11.893372555 317.527184833
-11.7282218922 318.05645855 11.7282218922 317.974535149
-11.563369873 318.586181062 11.563369873 318.503625767
-11.3984865355 319.034227411 11.3984865355 318.952225881
-11.2342923036 319.481470208 11.2342923036 319.400152626
-11.0703154657 320.011565599 11.0703154657 319.929594328
-10.9064393329 320.460296961 10.9064393329 320.378922455
-10.7434076292 320.907926775 10.7434076292 320.827418455
-10.5803717145 321.438664292 10.5803717145 321.357374392
-10.4176639373 321.888155915 10.4176639373 321.807513438
-10.2560148304 322.417241626 10.2560148304 322.336087434
-10.0940066821 322.867730572 10.0940066821 322.787233878
-9.93264966208 323.318068351 9.93264966208 323.238279468
-9.77229956087 323.84759128 9.77229956087 323.767298262
-9.61174896462 324.29905751 9.61174896462 324.21948241
-9.45196081768 324.750302393 9.45196081768 324.671510206
-9.29307249911 325.28040772 9.29307249911 325.20111349
-9.13419995482 325.732964832 9.13419995482 325.654458751
-8.97625925915 326.185077745 8.97625925915 326.107466828
-8.81898001733 326.716045271 8.81898001733 326.637907167
-8.66203635948 327.169809461 8.66203635948 327.092542214
-8.50643126628 327.699854559 8.50643126628 327.622151084
-8.35074498829 328.154902943 8.35074498829 328.078100673
-8.19603318702 328.609931311 8.19603318702 328.534102583
-8.04248914238 329.140843624 8.04248914238 329.064583144
-7.88918018873 329.597401066 7.88918018873 329.522140195
-7.73713753204 330.053409726 7.73713753204 329.979324292
-7.58577727981 330.585807838 7.58577727981 330.511208238
-7.43519867226 331.043952558 7.43519867226 330.970472001
-7.28604163161 331.575427754 7.28604163161 331.501574614
-7.13724854532 332.035237778 7.13724854532 331.962547028
-6.98994451687 332.494502337 6.98994451687 332.423187893
-6.84343423051 333.027871758 6.84343423051 332.956070869
-6.69798464545 333.489514889 6.69798464545 333.419024476
-6.55402983674 334.022092257 6.55402983674 333.951278683
-6.41076352779 334.485664966 6.41076352779 334.416214318
-6.26934000065 335.018089165 6.26934000065 334.948363041
-6.12847340504 335.483553597 6.12847340504 335.41525787
-5.98939452473 335.948646291 5.98939452473 335.881995901
-5.85142136938 336.483424294 5.85142136938 336.416395311
-5.71487525778 336.951041421 5.71487525778 336.885638789
-5.57993723809 337.48547525 5.57993723809 337.419827164
-5.44620869815 337.955351944 5.44620869815 337.891397031
-5.31436054424 338.489889856 5.31436054424 338.425740319
-5.18366789153 338.962003924 5.18366789153 338.899630231
-5.05503543157 339.496838969 5.05503543157 339.43430927
-4.92757976249 339.971218211 4.92757976249 339.9105553
-4.80230364583 340.506486731 4.80230364583 340.445701557
-4.67827525433 340.983174928 4.67827525433 340.924353637
-4.55649743828 341.518994195 4.55649743828 341.460081184
-4.43608034106 341.998022538 4.43608034106 341.941176311
-4.31793500499 342.534512819 4.31793500499 342.477601932
-4.20131531327 343.015851819 4.20131531327 342.961118587
-4.0869175687 343.553170634 4.0869175687 343.498393436
-3.97429746355 344.036645265 3.97429746355 343.984178363
-3.86372165842 344.575074109 3.86372165842 344.522563144
-3.75546996701 345.112081743 3.75546996701 345.059597492
-3.64859893436 345.60028033 3.64859893436 345.550168995
-3.54438547868 346.138214638 3.54438547868 346.088150846
-3.44178459426 346.628725624 3.44178459426 346.581151607
-3.34164843935 347.167810955 3.34164843935 347.120295699
-3.24360518136 347.659608701 3.24360518136 347.614837938
-3.14741942481 348.200818233 3.14741942481 348.155978861
-3.05375683873 348.740057919 3.05375683873 348.69532415
-2.96186939992 349.236853919 2.96186939992 349.194830457
-2.87233637217 349.777594486 2.87233637217 349.735669191
-2.78512999843 350.317284696 2.78512999843 350.275497258
-2.69962757804 350.818155804 2.69962757804 350.77916569
-2.61656120659 351.359295982 2.61656120659 351.320436841
-2.53575279444 351.899576522 2.53575279444 351.860879177
-2.45665827634 352.404070565 2.45665827634 352.368262208
-2.37990925874 352.945910899 2.37990925874 352.910246801
-2.30536971045 353.486875707 2.30536971045 353.451389731
-2.2326566565 353.994170231 2.2326566565 353.961690159
-2.16198026719 354.537202698 2.16198026719 354.504839181
-2.09349774202 355.078961853 2.09349774202 355.046784695
-2.02706051965 355.620195369 2.02706051965 355.588209039
-1.96220887615 356.132508719 1.96220887615 356.103541831
-1.89946893115 356.675370112 1.89946893115 356.646572378
-1.83873490668 357.21744346 1.83873490668 357.188844126
-1.77989646437 357.759038072 1.77989646437 357.730625577
-1.72255139527 358.274957625 1.72255139527 358.249608577
-1.66709089733 358.818332378 1.66709089733 358.793153763
-1.61350867252 359.360872557 1.61350867252 359.335894515
-1.56168160212 359.90289798 1.56168160212 359.878100432
-1.51149351942 360.444483072 1.51149351942 360.419845199
-1.46253687659 360.964979775 1.46253687659 360.94341595
-1.41538675323 361.508276328 1.41538675323 361.486917786
-1.36990524171 362.050902757 1.36990524171 362.029730166
-1.32595152528 362.593008521 1.32595152528 362.571993107
-1.2834100282 363.134663353 1.2834100282 363.113783673
-1.24204907631 363.657015257 1.24204907631 363.639243548
-1.20198472492 364.201181762 1.20198472492 364.183563714
-1.16349683478 364.744225536 1.16349683478 364.726801629
-1.12639449224 365.286640095 1.12639449224 365.269367032
-1.09053963871 365.828539852 1.09053963871 365.811390254
-1.05583339998 366.369998429 1.05583339998 366.352954303
-1.02219945612 366.911068383 1.02219945612 366.894116994
-0.989433579378 367.437369637 0.989433579378 367.423478062
-0.957889222077 367.981114107 0.957889222077 367.967459289
-0.927680698025 368.523862868 0.927680698025 368.510372052
-0.898578812567 369.065950059 0.898578812567 369.052576617
-0.870457127533 369.607518448 0.870457127533 369.594238077
-0.843233145025 370.148653653 0.843233145025 370.13545154
-0.816845731905 370.689413076 0.816845731905 370.676279172
-0.79124592497 371.229838248 0.79124592497 371.216765217
-0.76639253371 371.769960901 0.76639253371 371.756943096
-0.742153826884 372.299374973 0.742153826884 372.289424627
-0.71905420247 372.84275693 0.71905420247 372.833073523
-0.697034250811 373.384950798 0.697034250811 373.375395248
-0.675835690866 373.926435372 0.675835690866 373.916963561
-0.655349337256 374.46740065 0.655349337256 374.457992579
-0.635510553596 375.007947837 0.635510553596 374.998592169
-0.616273738566 375.548139982 0.616273738566 375.538829375
-0.597603348316 376.088020469 0.597603348316 376.078749743
-0.579469939699 376.627621268 0.579469939699 376.618386535
-0.561848147755 377.166967126 0.561848147755 377.157765336
-0.544715535973 377.706077923 0.544715535973 377.696906601
-0.528051887827 378.244970088 0.528051887827 378.235827172
-0.51183874163 378.783657511 0.51183874163 378.774541247
-0.496026249365 379.315438951 0.496026249365 379.309437152
-0.481346105606 379.858271492 0.481346105606 379.852536288
-0.467461883102 380.399492997 0.467461883102 380.393842584
-0.454107457264 380.939948154 0.454107457264 380.934347625
-0.441198665924 381.479890965 0.441198665924 381.474326399
-0.428690833412 382.019441094 0.428690833412 382.013905146
-0.416554293251 382.558667676 0.416554293251 382.553155825
-0.40476675085 383.097615786 0.40476675085 383.092124965
-0.393310147108 383.636317292 0.393310147108 383.63084527
-0.38216913502 384.174796059 0.38216913502 384.169341131
-0.371330248575 384.713070752 0.371330248575 384.707631563
-0.360781408374 385.251156463 0.360781408374 385.245731904
-0.350511606981 385.789065721 0.350511606981 385.783654862
-0.340510697431 386.326809149 0.340510697431 386.321411197
-0.330769244502 386.864395915 0.330769244502 386.859010178
-0.321278416083 387.40183404 0.321278416083 387.396459913
-0.312029901202 387.939130634 0.312029901202 387.933767576
-0.303015846438 388.476292058 0.303015846438 388.470939582
-0.294228805385 389.013324054 0.294228805385 389.007981721
-0.285661697636 389.550231845 0.285661697636 389.544899254
-0.277307774894 390.087020214 0.277307774894 390.081696998
-0.269160592499 390.623693565 0.269160592499 390.618379382
-0.261213985198 391.16025597 0.261213985198 391.154950507
-0.253462046236 391.696711218 0.253462046236 391.691414181
-0.246306986566 392.232644331 0.246306986566 392.230728878
-0.240233902788 392.773117057 0.240233902788 392.771265509
-0.234468721378 393.312235224 0.234468721378 393.310406607
-0.228914952848 393.850705507 0.228914952848 393.848890479
-0.22353932761 394.388750871 0.22353932761 394.386945516
-0.218323987251 394.926477513 0.218323987251 394.924679733
-0.21325715897 395.46394656 0.21325715897 395.462155066
-0.208330094858 396.001197435 0.208330094858 395.999411357
-0.203535782514 396.5382576 0.203535782514 396.536476313
-0.198868310779 397.075147287 0.198868310779 397.073370321
-0.194322522148 397.611882051 0.194322522148 397.610109038
-0.18989380628 398.14847426 0.18989380628 398.146704902
-0.185577969328 398.684934017 0.185577969328 398.683168069
-0.1813711469 399.22126976 0.1813711469 399.219507015
-0.177269743555 399.75748867 0.177269743555 399.75572895
-0.17327038919 400.293596952 0.17327038919 400.291840102
-0.169369906598 400.829600039 0.169369906598 400.827845924
-0.165565286672 401.365502746 0.165565286672 401.363751244
-0.161853668994 401.901309379 0.161853668994 401.899560382
-0.158232326296 402.437023823 0.158232326296 402.435277232
-0.154698651802 402.972649612 0.154698651802 402.970905337
-0.151250148731 403.508189977 0.151250148731 403.506447935
-0.147884421454 404.043647893 0.147884421454 404.041908008
-0.144599167957 404.579026113 0.144599167957 404.577288315
-0.141392173326 405.114327196 0.141392173326 405.112591418
-0.138261304062 405.649553529 0.138261304062 405.647819711
-0.13520450307 406.18470735 0.13520450307 406.182975433
-0.1322197852 406.71979076 0.1322197852 406.71806069
-0.129305233255 407.254805742 0.129305233255 407.253077468
-0.126458994389 407.789754169 0.126458994389 407.788027642
-0.123679276832 408.324637817 0.123679276832 408.322912992
-0.120964346903 408.859458373 0.120964346903 408.857735205
-0.118312526273 409.394217441 0.118312526273 409.392495889
-0.115722189433 409.928916553 0.115722189433 409.927196576
-0.113191761358 410.46355717 0.113191761358 410.461838731
-0.110719715338 410.998140691 0.110719715338 410.996423754
-0.108304570946 411.532668458 0.108304570946 411.530952987
-0.105944892155 412.067141757 0.105944892155 412.065427718
-0.103639285557 412.601561823 0.103639285557 412.599849186
-0.101386398699 413.135929847 0.101386398699 413.134218579
-0.0991849185179 413.670246972 0.0991849185179 413.668537044
-0.0970335698523 414.204514304 0.0970335698523 414.202805686
-0.0949311140486 414.738732906 0.0949311140486 414.737025571
-0.0928763476325 415.272903808 0.0928763476325 415.271197729
-0.0908681010524 415.807028004 0.0908681010525 415.805323155
-0.0889052374848 416.341106457 0.0889052374848 416.339402812
-0.0869866516977 416.875140097 0.0869866516977 416.873437633
-0.0851112689694 417.409129828 0.0851112689695 417.40742852
-0.0832780440565 417.943076524 0.0832780440565 417.94137635
-0.0814859602092 418.476981034 0.0814859602092 418.475281971
-0.0797340282307 419.010844182 0.0797340282307 419.009146209
-0.0780212855779 419.544666768 0.078021285578 419.542969864
-0.0763467955001 420.07844957 0.0763467955001 420.076753715
-0.0747096462143 420.612193344 0.0747096462143 420.610498517
-0.0731089501149 421.145898826 0.0731089501149 421.144205008
-0.0715438430148 421.679566731 0.0715438430148 421.677873904
-0.0700134834182 422.213197757 0.0700134834182 422.211505902
-0.0685170518204 422.746792582 0.0685170518204 422.745101682
-0.0670537500364 423.280351869 0.0670537500365 423.278661905
-0.0656228005545 423.813876262 0.0656228005545 423.812187218
-0.0642234459138 424.34736639 0.0642234459139 424.34567825
-0.0628549481067 424.880822866 0.0628549481067 424.879135614
-0.0615165880014 425.414246291 0.0615165880014 425.41255991
-0.0602076647866 425.947637248 0.0602076647867 425.945951723
-0.0589274954365 426.480996308 0.0589274954365 426.479311625
-0.0576754141934 427.01432403 0.0576754141935 427.012640173
-0.0564507720705 427.547620957 0.0564507720706 427.545937912
-0.0552529363703 428.080887623 0.0552529363704 428.079205377
-0.0540812902205 428.614124549 0.0540812902206 428.612443086
-0.0529352321259 429.147332243 0.052935232126 429.145651552
-0.0518141755347 429.680511203 0.0518141755348 429.67883127
-0.0507175484205 430.213661918 0.0507175484206 430.211982731
-0.0496447928768 430.746784865 0.0496447928769 430.745106409
-0.0485953647265 431.279880509 0.0485953647266 431.278202774
-0.0475687331423 431.812949308 0.0475687331424 431.811272281
-0.0465643802814 432.34599171 0.0465643802815 432.344315379
-0.0455818009302 432.879008153 0.0455818009303 432.877332507
-0.0446205021616 433.411999067 0.0446205021618 433.410324095
-0.0436800030025 433.944964872 0.0436800030027 433.943290563
-0.0427598341119 434.477905982 0.0427598341121 434.476232324
-0.0418595374693 435.0108228 0.0418595374695 435.009149784
-0.0409786660723 435.543715723 0.0409786660725 435.542043338
-0.0401167836441 436.076585141 0.0401167836444 436.074913375
-0.0392734643495 436.609431433 0.0392734643497 436.607760277
-0.0384482925195 437.142254974 0.0384482925198 437.140584419
-0.037640862385 437.675056131 0.0376408623852 437.673386167
-0.0368507778172 438.207835264 0.0368507778174 438.206165881
-0.0360776520769 438.740592726 0.0360776520772 438.738923915
-0.035321107571 439.273328864 0.0353211075712 439.271660616
-0.0345807756155 439.806044018 0.0345807756157 439.804376324
-0.0338562962062 440.338738523 0.0338562962065 440.337071374
-0.0331473177962 440.871412707 0.0331473177964 440.869746094
-0.032453497079 441.404066891 0.0324534970792 441.402400806
-0.0317744987786 441.936701393 0.0317744987788 441.935035827
-0.0311099954456 442.469316523 0.0311099954458 442.467651468
-0.0304596672587 443.001912586 0.0304596672589 443.000248035
-0.0298232018322 443.534489883 0.0298232018324 443.532825827
-0.029200294029 444.067048708 0.0292002940292 444.06538514
-0.0285906457786 444.599589351 0.0285906457788 444.597926263
-0.0279939659001 445.132112098 0.0279939659003 445.130449482
-0.0274099699309 445.664617227 0.0274099699311 445.662955076
-0.0268383799593 446.197105014 0.0268383799595 446.195443321
-0.0262789244619 446.729575729 0.0262789244621 446.727914487
-0.0257313381462 447.262029638 0.0257313381464 447.26036884
-0.0251953617964 447.794467004 0.0251953617966 447.792806642
-0.0246707421244 448.326888083 0.0246707421246 448.325228151
-0.0241572316243 448.859293127 0.0241572316244 448.857633619
-0.0236545884307 449.391682387 0.0236545884308 449.390023295
-0.0231625761816 449.924056106 0.0231625761817 449.922397424
-0.0226809638842 450.456414525 0.0226809638844 450.454756247
-0.0222095257848 450.988757881 0.022209525785 450.987100001
-0.0217480412417 451.521086408 0.0217480412418 451.51942892
-0.0212962946017 452.053400334 0.0212962946018 452.051743231
-0.0208540750803 452.585699886 0.0208540750805 452.584043162
-0.0204211766445 453.117985284 0.0204211766446 453.116328935
-0.0199973978986 453.650256749 0.0199973978988 453.648600767
-0.0195825419737 454.182514495 0.0195825419739 454.180858875
-0.0191764164193 454.714758734 0.0191764164194 454.713103471
-0.0187788330981 455.246989674 0.0187788330983 455.245334762
-0.0183896080838 455.779207521 0.0183896080839 455.777552955
-0.0180085615607 456.311412477 0.0180085615608 456.309758251
-0.017635517727 456.843604741 0.0176355177271 456.84195085
-0.0172703046996 457.375784508 0.0172703046997 457.374130947
-0.016912754422 457.907951972 0.0169127544221 457.906298736
-0.0165627025741 458.440107323 0.0165627025742 458.438454407
-0.0162199884847 458.972250748 0.0162199884848 458.970598146
-0.0158844550458 459.504382431 0.0158844550459 459.50273014
-0.0155559486294 460.036502554 0.0155559486295 460.034850568
-0.0152343190066 460.568611296 0.0152343190067 460.56695961
-0.0149194192677 461.100708833 0.0149194192678 461.099057443
-0.0146111057458 461.632795339 0.0146111057459 461.63114424
-0.0143092379411 462.164870983 0.0143092379412 462.163220171
-0.0140136784477 462.696935936 0.0140136784477 462.695285406
-0.0137242928818 463.228990363 0.0137242928819 463.227340111
-0.0134409498125 463.761034428 0.0134409498126 463.759384449
-0.0131635206932 464.293068291 0.0131635206933 464.291418582
-0.0128918797955 464.825092113 0.0128918797956 464.823442668
-0.0126259041445 465.357106048 0.0126259041445 465.355456864
-0.0123654734554 465.889110252 0.0123654734555 465.887461325
-0.0121104700725 466.421104876 0.0121104700726 466.419456202
-0.0118607789085 466.95309007 0.0118607789085 466.951441646
-0.0116162873862 467.485065983 0.0116162873862 467.483417804
-0.0113768853813 468.01703276 0.0113768853813 468.015384821
-0.0111424651666 468.548990543 0.0111424651666 468.547342842
-0.0109129213575 469.080939475 0.0109129213575 469.079292008
-0.0106881508589 469.612879696 0.010688150859 469.611232458
-0.0104680528136 470.144811342 0.0104680528136 470.143164331
-0.0102525285511 470.676734549 0.0102525285511 470.675087761
-0.0100414815388 471.208649451 0.0100414815389 471.207002882
-0.00983481733373 471.74055618 0.00983481733379 471.738909827
-0.00963244353516 472.272454866 0.00963244353523 472.270808724
-0.00943426973899 472.804345636 0.00943426973911 472.802699703
-0.00924020749288 473.336228617 0.009240207493 473.33458289
-0.00905017025237 473.868103933 0.0090501702525 473.866458409
-0.00886407333827 474.399971708 0.0088640733384 474.398326383
-0.00868183389487 474.931832063 0.008681833895 474.930186933
-0.00850337084929 475.463685116 0.00850337084941 475.462040179
-0.00832860487163 475.995530986 0.00832860487175 475.993886239
-0.00815745833622 476.527369789 0.00815745833634 476.525725229
-0.00798985528363 477.05920164 0.00798985528375 477.057557263
-0.0078257213837 477.591026651 0.00782572138381 477.589382455
-0.00766498389934 478.122844935 0.00766498389945 478.121200916
-0.00750757165123 478.6546566 0.00750757165134 478.653012756
-0.00735341498331 479.186461756 0.00735341498341 479.184818083
-0.0072024457291 479.718260509 0.0072024457292 479.716617005
-0.0070545971788 480.250052965 0.0070545971789 480.248409627
-0.00690980404712 480.781839228 0.00690980404722 480.780196054
-0.00676800244191 481.313619401 0.00676800244201 481.311976388
-0.00662912983347 481.845393585 0.00662912983356 481.843750729
-0.00649312502456 482.37716188 0.00649312502466 482.375519179
-0.00635992812118 482.908924384 0.00635992812128 482.907281836
-0.00622948050392 483.440681194 0.00622948050401 483.439038797
-0.00610172480003 483.972432408 0.00610172480012 483.970790158
-0.00597660485613 484.504178118 0.00597660485621 484.502536014
-0.00585406571148 485.03591842 0.00585406571157 485.034276458
-0.00573405357201 485.567653404 0.00573405357209 485.566011582
-0.00561651578472 486.099383161 0.0056165157848 486.097741478
-0.00550140081289 486.631107782 0.00550140081297 486.629466234
-0.0053886582117 487.162827355 0.00538865821178 487.16118594
-0.00527823860448 487.694541967 0.00527823860456 487.692900683
-0.00517009365946 488.226251704 0.00517009365953 488.224610548
-0.00506417606705 488.757956651 0.00506417606712 488.756315622
-0.00496043951769 489.289656892 0.00496043951776 489.288015987
-0.00485883868012 489.82135251 0.00485883868019 489.819711727
-0.00475932918019 490.353043586 0.00475932918026 490.351402923
-0.00466186758014 490.884730202 0.0046618675802 490.883089656
-0.00456641135831 491.416412436 0.00456641135837 491.414772005
-0.00447291888939 491.948090366 0.00447291888945 491.94645005
-0.00438134942501 492.479764072 0.00438134942508 492.478123866
-0.00429166307487 493.011433627 0.00429166307493 493.009793531
-0.00420382078817 493.543099109 0.00420382078823 493.541459121
-0.00411778433558 494.074760592 0.00411778433564 494.073120708
-0.00403351629154 494.606418148 0.0040335162916 494.604778368
-0.00395098001696 495.13807185 0.00395098001702 495.136432172
-0.00387013964231 495.669721771 0.00387013964239 495.668082192
-0.00379096005114 496.201367979 0.00379096005122 496.199728499
-0.00371340686387 496.733010546 0.00371340686395 496.731371161
-0.00363744642198 497.264649539 0.0036374464221 497.263010248
-0.00356304577263 497.796285026 0.00356304577277 497.794645828
-0.00349017265349 498.327917075 0.00349017265363 498.326277967
-0.00341879547797 498.85954575 0.0034187954781 498.857906732
-0.00334888332078 499.391171119 0.00334888332091 499.389532187
-0.0032804059038 499.922793244 0.00328040590393 499.921154398
-0.00321333358229 500.454412189 0.00321333358242 500.452773427
-0.00314763733134 500.986028017 0.00314763733147 500.984389337
-0.00308328873267 501.517640789 0.00308328873279 501.51600219
-0.00302025996169 502.049250567 0.0030202599618 502.047612047
-0.00295852377488 502.580857411 0.00295852377499 502.579218968
-0.00289805349742 503.11246138 0.00289805349753 503.110823012
-0.00283882301108 503.644062533 0.00283882301119 503.642424239
-0.00278080674243 504.175660927 0.00278080674254 504.174022706
-0.00272397965121 504.70725662 0.00272397965132 504.70561847
-0.00266831721909 505.238849668 0.00266831721919 505.237211588
-0.00261379543851 505.770440126 0.00261379543861 505.768802114
-0.00256039080193 506.30202805 0.00256039080203 506.300390105
-0.0025080802912 506.833613494 0.0025080802913 506.831975614
-0.0024568413672 507.36519651 0.0024568413673 507.363558694
-0.00240665195972 507.896777152 0.00240665195982 507.895139399
-0.00235749045752 508.428355472 0.00235749045761 508.42671778
-0.00230933569863 508.959931522 0.00230933569872 508.958293889
-0.00226216696089 509.491505351 0.00226216696097 509.489867777
-0.00221596395262 510.02307701 0.00221596395271 510.021439493
-0.00217070680359 510.554646548 0.00217070680368 510.553009087
-0.00212637605607 511.086214014 0.00212637605616 511.084576607
-0.00208295265619 511.617779456 0.00208295265627 511.616142103
-0.00204041794539 512.149342922 0.00204041794547 512.14770562
-0.00199875365213 512.680904458 0.0019987536522 512.679267207
-0.0019579418837 513.21246411 0.00195794188378 513.210826909
-0.00191796511832 513.744021924 0.00191796511839 513.742384771
-0.00187880619724 514.275577946 0.00187880619736 514.27394084
-0.00184044831728 514.807132218 0.0018404483174 514.805495158
-0.00180287502312 515.338684786 0.00180287502329 515.337047771
-0.00176607020027 515.870235692 0.00176607020043 515.868598721
-0.00173001806766 516.40178498 0.00173001806781 516.400148051
-0.00169470317082 516.93333269 0.00169470317097 516.931695802
-0.00166011037498 517.464878865 0.00166011037513 517.463242018
-0.00162622485836 517.996423546 0.00162622485851 517.994786738
-0.00159303210562 518.527966772 0.00159303210577 518.526330002
-0.00156051790147 519.059508585 0.00156051790161 519.057871852
-0.00152866832434 519.591049023 0.00152866832448 519.589412326
-0.0014974697403 520.122588125 0.00149746974043 520.120951463
-0.00146690879697 520.65412593 0.0014669087971 520.652489302
-0.00143697241771 521.185662475 0.00143697241784 521.18402588
-0.00140764779582 521.717197797 0.00140764779594 521.715561234
-0.00137892238889 522.248731934 0.00137892238902 522.247095402
-0.00135078391334 522.780264921 0.00135078391347 522.77862842
-0.00132322033895 523.311796795 0.00132322033907 523.310160323
-0.00129621988362 523.843327591 0.00129621988373 523.841691147
-0.00126977100817 524.374857344 0.00126977100829 524.373220927
-0.00124386241132 524.906386087 0.00124386241143 524.904749697
-0.00121848302468 525.437913856 0.00121848302479 525.436277491
-0.00119362200794 525.969440683 0.00119362200805 525.967804343
-0.0011692687441 526.500966602 0.00116926874421 526.499330285
-0.00114541283483 527.032491645 0.00114541283494 527.030855351
-0.00112204409593 527.564015844 0.00112204409603 527.562379572
-0.00109915255285 528.095539231 0.00109915255295 528.093902981
-0.00107672843636 528.627061837 0.00107672843646 528.625425608
-0.00105476217828 529.158583694 0.00105476217838 529.156947484
-0.0010332444073 529.690104831 0.00103324440739 529.688468639
-0.00101216594486 530.221625278 0.00101216594495 530.219989105
-0.00099151780121 530.753145066 0.0009915178013 530.751508909
-0.000971291171435 531.284664223 0.000971291171524 531.283028083
-0.000951477431656 531.816182778 0.000951477431743 531.814546653
-0.000932068135259 532.347700759 0.000932068135344 532.34606465
-0.000913055009224 532.879218195 0.000913055009308 532.8775821
-0.000894429950527 533.410735113 0.000894429950608 533.409099031
-0.000876185022616 533.94225154 0.000876185022696 533.940615471
-0.000858312451965 534.473767504 0.000858312452043 534.472131447
-0.000840804624696 535.00528303 0.000840804624773 535.003646984
-0.000823654083277 535.536798145 0.000823654083352 535.53516211
-0.000806853523281 536.068312874 0.000806853523355 536.066676849
-0.000790395790224 536.599827244 0.000790395790296 536.598191228
-0.000774273876458 537.131341278 0.000774273876528 537.129705271
-0.00075848091814 537.662855002 0.000758480918209 537.661219003
-0.000743010192256 538.194368441 0.000743010192324 538.192732448
-0.00072785511371 538.725881617 0.000727855113776 538.724245631
-0.000713009232477 539.257394554 0.000713009232542 539.255758575
-0.000698466230809 539.788907277 0.000698466230872 539.787271303
-0.000684219920508 540.320419808 0.00068421992057 540.318783838
-0.000670264240248 540.851932169 0.000670264240309 540.850296204
-0.000656593252956 541.383444383 0.000656593253016 541.381808422
-0.000643201143252 541.914956473 0.000643201143311 541.913320514
-0.000630082214934 542.446468459 0.000630082214991 542.444832503
-0.000617230888521 542.977980363 0.000617230888577 542.976344409
-0.000604641698847 543.509492206 0.000604641698902 543.507856253
-0.000592309292705 544.041004009 0.000592309292759 544.039368057
-0.000580228426537 544.572515793 0.00058022842659 544.570879841
-0.000568393964178 545.104027577 0.00056839396423 545.102391626
-0.000556800874639 545.635539382 0.000556800874689 545.63390343
-0.000545444229944 546.167051227 0.000545444229994 546.165415273
-0.00053431920301 546.698563132 0.000534319203058 546.696927176
-0.000523421065563 547.230075115 0.000523421065611 547.228439157
-0.000512745186113 547.761587195 0.00051274518616 547.759951234
-0.000502287027957 548.293099391 0.000502287028003 548.291463426
-0.000492042147229 548.82461172 0.000492042147273 548.822975752
-0.00048200619099 549.356124202 0.000482006191034 549.35448823
-0.00047217489536 549.887636853 0.000472174895403 549.886000876
-0.000462544083687 550.419149691 0.000462544083729 550.417513709
-0.000453109664749 550.950662733 0.000453109664791 550.949026745
-0.000443867631004 551.482175996 0.000443867631045 551.480540002
-0.000434814056866 552.013689496 0.000434814056905 552.012053496
-0.000425945097022 552.545203251 0.000425945097061 552.543567243
-0.000417256984784 553.076717275 0.000417256984822 553.07508126
-0.000408746030475 553.608231585 0.000408746030512 553.606595562
-0.000400408619842 554.139746197 0.000400408619879 554.138110166
-0.000392241212515 554.671261125 0.000392241212551 554.669625086
-0.000384240340484 555.202776386 0.000384240340519 555.201140338
-0.000376402606618 555.734291994 0.000376402606653 555.732655936
-0.000368724683207 556.265807963 0.000368724683241 556.264171896
-0.000361203310539 556.797324309 0.000361203310572 556.795688231
-0.000353835295507 557.328841045 0.000353835295539 557.327204956
-0.000346617510239 557.860358185 0.00034661751027 557.858722086
-0.000339546890761 558.391875744 0.000339546890792 558.390239633
-0.000332620435692 558.923393734 0.000332620435722 558.921757612
-0.000325835204951 559.454912169 0.000325835204981 559.453276035
-0.00031918831851 559.986431063 0.000319188318539 559.984794916
-0.000312676955155 560.517950428 0.000312676955184 560.516314268
-0.000306298351287 561.049470276 0.000306298351315 561.047834104
-0.000300049799738 561.580990621 0.000300049799765 561.579354435
-0.000293928648614 562.112511475 0.000293928648641 562.110875276
-0.000287932300167 562.64403285 0.000287932300194 562.642396636
-0.000282058209682 563.175554757 0.000282058209708 563.173918529
-0.000276303884393 563.707077209 0.000276303884418 563.705440966
-0.000270666882415 564.238600216 0.00027066688244 564.236963959
-0.00026514481171 564.770123791 0.000265144811734 564.768487519
-0.00025973532906 565.301647945 0.000259735329084 565.300011657
-0.000254436139069 565.833172688 0.000254436139093 565.831536384
-0.000249244993188 566.364698031 0.00024924499321 566.363061711
-0.000244159688749 566.896223984 0.000244159688772 566.894587648
-0.000239178068035 567.427750559 0.000239178068057 567.426114206
-0.000234298017352 567.959277765 0.000234298017373 567.957641395
-0.000229517466135 568.490805613 0.000229517466156 568.489169226
-0.00022483438606 569.022334112 0.000224834386081 569.020697707
-0.000220246790188 569.553863272 0.000220246790208 569.552226849
-0.000215752732108 570.085393102 0.000215752732128 570.083756662
-0.000211350305118 570.616923612 0.000211350305138 570.615287154
-0.000207037641408 571.148454811 0.000207037641427 571.146818334
-0.000202812911265 571.679986709 0.000202812911284 571.678350213
-0.000198674322296 572.211519313 0.000198674322314 572.209882798
-0.000194620118665 572.743052633 0.000194620118682 572.741416099
-0.000190648580343 573.274586677 0.00019064858036 573.272950124
-0.000186758022381 573.806121453 0.000186758022398 573.804484881
-0.00018294679419 574.337656971 0.000182946794206 574.336020378
-0.000179213278838 574.869193237 0.000179213278854 574.867556625
-0.000175555892365 575.40073026 0.000175555892381 575.399093628
-0.000171973083109 575.932268048 0.000171973083125 575.930631395
-0.000168463331046 576.463806608 0.000168463331061 576.462169935
-0.00016502514714 576.995345948 0.000165025147155 576.993709254
-0.000161657072718 577.526886075 0.000161657072733 577.525249359
-0.000158357678843 578.058426996 0.000158357678857 578.056790259
-0.000155125565709 578.589968718 0.000155125565723 578.58833196
-0.000151959362047 579.121511249 0.000151959362061 579.11987447
-0.000148857724543 579.653054595 0.000148857724556 579.651417794
-0.000145819337264 580.184598762 0.000145819337277 580.182961939
-0.000142842911102 580.716143758 0.000142842911115 580.714506913
-0.000139927183227 581.247689588 0.000139927183239 581.246052721
-0.000137070916547 581.77923626 0.000137070916559 581.777599369
-0.000134272899185 582.310783778 0.000134272899197 582.309146865
-0.000131531943967 582.842332149 0.000131531943979 582.840695213
-0.000128846887913 583.373881379 0.000128846887925 583.37224442
-0.000126216591745 583.905431473 0.000126216591757 583.903794491
-0.000123639939407 584.436982438 0.000123639939418 584.435345433
-0.000121115837583 584.968534278 0.000121115837594 584.96689725
-0.000118643215244 585.500086999 0.000118643215255 585.498449948
-0.000116221023184 586.031640607 0.000116221023195 586.030003532
-0.00011384823358 586.563195106 0.00011384823359 586.561558007
-0.000111523839552 587.094750502 0.000111523839562 587.093113379
-0.00010924685474 587.626306799 0.00010924685475 587.624669652
-0.000107016312885 588.157864002 0.000107016312894 588.156226831
-0.000104831267413 588.689422116 0.000104831267423 588.687784921
-0.000102690791044 589.220981146 0.000102690791053 589.219343926
-0.000100593975387 589.752541095 0.000100593975396 589.750903851
-9.85399305642e-05 590.284101969 9.85399305731e-05 590.2824647
-9.65277848292e-05 590.815663771 9.65277848379e-05 590.814026477
-9.45566841973e-05 591.347226506 9.45566842059e-05 591.345589188
-9.26257920845e-05 591.878790178 9.26257920928e-05 591.877152834
-9.07342889523e-05 592.410354791 9.07342889606e-05 592.408717422
-8.88813719602e-05 592.941920348 8.88813719683e-05 592.940282954
-8.7066254625e-05 593.473486853 8.70662546329e-05 593.471849434
-8.5288166488e-05 594.00505431 8.52881664957e-05 594.003416866
-8.3546352788e-05 594.536622723 8.35463527955e-05 594.534985253
-8.18400741411e-05 595.068192094 8.18400741485e-05 595.066554599
-8.01686062277e-05 595.599762428 8.0168606235e-05 595.598124907
-7.85312394855e-05 596.131333727 7.85312394926e-05 596.129696181
-7.69272788085e-05 596.662905996 7.69272788155e-05 596.661268423
-7.53560432523e-05 597.194479235 7.53560432591e-05 597.192841637
-7.38168657455e-05 597.72605345 7.38168657523e-05 597.724415826
-7.23090928074e-05 598.257628642 7.2309092814e-05 598.255990992
