-119.844033029 0.867455308377 119.844033029 0.820071990747
-119.723345166 1.46966700976 119.723345166 1.42280726775
-119.607330964 2.0847559715 119.607330964 2.03602139855
-119.493356429 2.63156502088 119.493356429 2.58328635653
-119.380169771 3.21718947093 119.380169771 3.16752188861
-119.267775005 3.7936063509 119.267775005 3.7427908846
-119.155239124 4.31435249506 119.155239124 4.26392515706
-119.04312513 4.87974578474 119.04312513 4.82832172293
-118.930684482 5.39070620969 118.930684482 5.33962144337
-118.818401857 5.94894228667 118.818401857 5.89696171089
-118.705774732 6.4528676704 118.705774732 6.40119608214
-118.593106763 7.00607149094 118.593106763 6.95357600484
-118.480176621 7.50447465076 118.480176621 7.45227288348
-118.366992367 8.05403476061 118.366992367 8.00105821691
-118.253795784 8.60113999643 118.253795784 8.54744458585
-118.139927711 9.09473033658 118.139927711 9.0413008944
-118.026196756 9.63909036741 118.026196756 9.58498073773
-117.911845332 10.1294708959 117.911845332 10.0756124923
-117.797555445 10.6716075204 117.797555445 10.6171010426
-117.682710325 11.1592203524 117.682710325 11.1049537672
-117.567847645 11.6995308051 117.567847645 11.6446430024
-117.45251207 12.184690375 117.45251207 12.1300342522
-117.337066714 12.7234984356 117.337066714 12.6682432368
-117.221251358 13.2064351831 117.221251358 13.1514073316
-117.105213798 13.7440207035 117.105213798 13.6884106811
-116.988952073 14.2248241665 116.988952073 14.1694484695
-116.872298125 14.7615009888 116.872298125 14.7055475523
-116.755657999 15.2965643859 116.755657999 15.2400739496
-116.638331121 15.7762758914 116.638331121 15.7199894547
-116.521148998 16.3103613889 116.521148998 16.2535531161
-116.403327394 16.7886224267 116.403327394 16.7320125482
-116.285610039 17.3218497746 116.285610039 17.2647316434
-116.1673028 17.79877465 116.1673028 17.741850154
-116.049057364 18.3312461019 116.049057364 18.2738255361
-115.930273903 18.8069323464 115.930273903 18.7497014283
-115.811507695 19.338736233 115.811507695 19.2810201558
-115.692257567 19.8132677394 115.692257567 19.7557380622
-115.572977895 20.3444811899 115.572977895 20.2864760716
-115.453271689 20.8179264868 115.453271689 20.7601053105
-115.333485313 21.3486194753 115.333485313 21.2903313746
-115.213333824 21.821036659 115.213333824 21.7629309714
-115.093046943 22.3512733291 115.093046943 22.2927079327
-114.972460087 22.8227157361 114.972460087 22.764332373
-114.851678791 23.3525534541 114.851678791 23.29371611
-114.730668324 23.8230594136 114.730668324 23.7644055454
-114.609397213 24.3525557287 114.609397213 24.2934514739
-114.487978403 24.8221422829 114.487978403 24.763226868
-114.366218653 25.3513640384 114.366218653 25.2919976268
-114.244408279 25.8200356025 114.244408279 25.7608742337
-114.122157565 26.3490595955 114.122157565 26.2894355193
-114.000027287 26.8766161016 114.000027287 26.8165791805
-113.877229601 27.3457096431 113.877229601 27.2858321556
-113.754665201 27.8729225036 113.754665201 27.8126384738
-113.631448937 28.3413789773 113.631448937 28.2812521097
-113.508458546 28.8682707108 113.508458546 28.8077432704
-113.384829431 29.3361261286 113.384829431 29.2757537066
-113.261421099 29.8627162944 113.261421099 29.8019489735
-113.137385248 30.3300017906 113.137385248 30.2693874534
-113.01356673 30.8563082209 113.01356673 30.7953043898
-112.889129175 31.3230559574 112.889129175 31.2622031677
-112.764908252 31.8490936538 112.764908252 31.7878565392
-112.640074521 32.315331091 112.640074521 32.254243153
-112.515458668 32.8411138785 112.515458668 32.7796465682
-112.390234718 33.3068643645 112.390234718 33.2455444391
-112.265231017 33.8324054682 112.265231017 33.7707109201
-112.139620273 34.2976994677 112.139620273 34.2361505691
-112.014236195 34.823008378 112.014236195 34.7610894389
-111.888244305 35.2878658397 111.888244305 35.2260908643
-111.762486646 35.8129529806 111.762486646 35.7508123793
-111.636118171 36.2773959851 111.636118171 36.215397711
-111.509993653 36.8022703116 111.509993653 36.7399106745
-111.383253032 37.2663195345 111.383253032 37.2041006319
-111.256768193 37.7909891291 111.256768193 37.7284129854
-111.129659746 38.2546639908 111.129659746 38.1922270296
-111.002820921 38.7791362386 111.002820921 38.7163460261
-110.875349576 39.2424523881 110.875349576 39.1797998476
-110.74809404 39.7040161373 110.74809404 39.641594299
-110.620331784 40.2297123736 110.620331784 40.1668466428
-110.492657339 40.691198659 110.492657339 40.6285046102
-110.364617225 41.2164630228 110.364617225 41.1533864113
-110.236553983 41.6777788531 110.236553983 41.6148594272
-110.10821604 42.2027238416 110.10821604 42.1394385825
-109.979775582 42.6638515431 109.979775582 42.6007155364
-109.851137316 43.1885158968 109.851137316 43.1250241504
-109.722328139 43.6494495222 109.722328139 43.5861017017
-109.593390094 44.1738582059 109.593390094 44.1101620641
-109.464220568 44.6345917877 109.464220568 44.5710356659
-109.334983866 45.1587662476 109.334983866 45.0948677368
-109.205459866 45.6193027347 109.205459866 45.5555411095
-109.075927019 46.1432576518 109.075927019 46.0791587378
-108.946056222 46.6035925893 108.946056222 46.5396280012
-108.816229122 47.1273441739 108.816229122 47.0630467608
-108.686016165 47.5874838789 108.686016165 47.5233185687
-108.555897888 48.1110426016 108.555897888 48.0465485404
-108.425347412 48.5709925783 108.425347412 48.5066286495
-108.29494111 49.0943677366 108.29494111 49.0296788262
-108.164059378 49.5541269726 108.164059378 49.48956644
-108.033367628 50.0773293891 108.033367628 50.0124473724
-107.902158599 50.5369046839 107.902158599 50.472149443
-107.771184569 51.0599420232 107.771184569 50.9948685994
-107.639653049 51.5193364946 107.639653049 51.4543883702
-107.508399683 52.042216602 107.508399683 51.9769534218
-107.376550961 52.5014311857 107.376550961 52.4362919349
-107.244901391 52.9591868984 107.244901391 52.8942205794
-107.112858524 53.4832036692 107.112858524 53.4178749825
-106.98081359 53.9411145832 106.98081359 53.8759258571
-106.848583051 54.4646635082 106.848583051 54.3991470228
-106.716187138 54.9225734607 106.716187138 54.8571887802
-106.583731496 55.4458205505 106.583731496 55.380117853
-106.451002292 55.9036791237 106.451002292 55.8381039183
-106.31831062 56.4266842989 106.31831062 56.3607969291
-106.18525927 56.8844665588 106.18525927 56.8187037873
-106.05232702 57.4072638652 106.05232702 57.3411933192
-105.918961823 57.8649556525 105.918961823 57.7990075111
-105.785787134 58.3875679766 105.785787134 58.3213157101
-105.652115705 58.8451577894 105.652115705 58.779026144
-105.518697844 59.3676030622 105.518697844 59.3011704889
-105.384725767 59.8250865724 105.384725767 59.7587730934
-105.251065105 60.3473778941 105.251065105 60.2807663939
-105.116796676 60.8047550039 105.116796676 60.7382612458
-104.98266306 61.2610182752 104.98266306 61.1946614397
-104.84833573 61.7841661031 104.84833573 61.7174935412
-104.713856494 62.2405321581 104.713856494 62.1739860335
-104.579347207 62.7633327149 104.579347207 62.6964827603
-104.444549692 63.21971205 104.444549692 63.1529840218
-104.309837369 63.7422599279 104.309837369 63.6752339377
-104.174735131 64.1986159452 104.174735131 64.1317090764
-104.039811376 64.7209559808 104.039811376 64.6537552696
-103.90441377 65.177268003 103.90441377 65.110184367
-103.769274463 65.6994281014 103.769274463 65.6320539453
-103.633589519 66.1556805972 103.633589519 66.0884218847
-103.498165606 66.6103926483 103.498165606 66.5433536965
-103.362265874 67.1338666618 103.362265874 67.0664343623
-103.226417934 67.5890579603 103.226417934 67.5217546112
-103.090447763 68.1118333164 103.090447763 68.0442288047
-102.954273562 68.5671423303 102.954273562 68.4996587132
-102.818139293 69.0895898424 102.818139293 69.0218144151
-102.681663074 69.5449381055 102.681663074 69.4772798126
-102.545344877 70.0671437145 102.545344877 69.9991986118
-102.408580933 70.5224909502 102.408580933 70.4546605893
-102.272069606 71.0444996415 102.272069606 70.9763860552
-102.135026809 71.4998255831 102.135026809 71.4318249602
-101.99825022 71.9536415849 101.99825022 71.8858583606
-101.861003739 72.4769536755 101.861003739 72.4087842853
-101.723805007 72.9313038777 101.723805007 72.8632596268
-101.586515212 73.4538846685 101.586515212 73.3855478406
-101.449000459 73.9083785778 101.449000459 73.8401593265
-101.311564387 74.4306283642 101.311564387 74.3621253312
-101.173759924 74.8851798243 101.173759924 74.8167908765
-101.036155544 75.4071901892 101.036155544 75.3385221157
-100.898074712 75.8617614921 100.898074712 75.7932052685
-100.760292231 76.3835775031 100.760292231 76.3147455066
-100.62194494 76.8381439548 100.62194494 76.7694221464
-100.483749716 77.2916688446 100.483749716 77.2230776969
-100.345371762 77.8143428415 100.345371762 77.7454568383
-100.206846333 78.2681110741 100.206846333 78.1993425447
-100.068359031 78.7903639558 100.068359031 78.7213149934
-99.9295433504 79.2442378856 99.9295433504 79.1753019428
-99.7909091105 79.7662175433 99.7909091105 79.6970067674
-99.651820879 80.2201428054 99.651820879 80.1510425073
-99.5130250467 80.7419108519 99.5130250467 80.6725393478
-99.3736760078 81.1958554472 99.3736760078 81.1265926375
-99.2344859147 81.6487633938 99.2344859147 81.5796306165
-99.0951092105 82.1713923917 99.0951092105 82.1019684902
-98.9555895522 82.6245830422 98.9555895522 82.5552748454
-98.8161224102 83.1467644474 98.8161224102 83.0771806782
-98.6763194035 83.6000776792 98.6763194035 83.5306051575
-98.5367182 84.1219795782 98.5367182 84.052237056
-98.3966503289 84.5753579906 98.3966503289 84.5057242155
-98.2568988875 85.0970460751 98.2568988875 85.027145848
-98.116578189 85.5504562489 98.116578189 85.4806630255
-97.9763896294 86.0029537866 97.9763896294 85.9332826578
-97.8361027576 86.5253898934 97.8361027576 86.4554385964
-97.6956071339 86.978125873 97.6956071339 86.9082871709
-97.5552254348 87.5001700383 97.5552254348 87.4300618456
-97.4144581323 87.9530247467 97.4144581323 87.8830254884
-97.2739477232 88.4748067277 97.2739477232 88.4045427122
-97.1329271127 88.9277237704 97.1329271127 88.8575665054
-96.9921144699 89.3794739663 96.9921144699 89.3094601811
-96.8510089975 89.9022566536 96.8510089975 89.8319429844
-96.7098392466 90.3544556398 96.7098392466 90.2842564645
-96.5687039371 90.8766379073 96.5687039371 90.8061691034
-96.4272545059 91.3290117242 96.4272545059 91.2586520622
-96.2860132143 91.8508776408 96.2860132143 91.7802548074
-96.1443086208 92.3033471512 96.1443086208 92.2328307718
-96.0029387678 92.8249833071 96.0029387678 92.754207455
-95.8609926018 93.2775090935 95.8609926018 93.2068379027
-95.7191634928 93.7292180751 95.7191634928 93.6586635392
-95.5773043538 94.2515191963 95.5773043538 94.1806945637
-95.4351857697 94.7034635008 95.4351857697 94.6327480389
-95.2932434399 95.2253924288 95.2932434399 95.1544154989
-95.1508696076 95.6774580821 95.1508696076 95.6065871787
-95.0088120839 96.1991345948 95.0088120839 96.1280063865
-94.8661989703 96.6512735649 94.8661989703 96.5802494221
-94.723715664 97.1025673982 94.723715664 97.0316611481
-94.5811690846 97.6249399058 94.5811690846 97.5537639814
-94.4383930778 98.0765047663 94.4383930778 98.0054376666
-94.2957803403 98.5984688459 94.2957803403 98.5271423086
-94.1527494778 99.0501773241 94.1527494778 98.9789561839
-94.0100325866 99.5718731614 94.0100325866 99.5003970398
-93.8667658652 100.023666653 93.8667658652 99.9522938816
-93.7236303073 100.474626175 93.7236303073 100.403370547
-93.5804356103 100.997008451 93.5804356103 100.92548555
-93.4370100655 101.448251715 93.4370100655 101.376836761
-93.2937583867 101.970216171 93.2937583867 101.898544317
-93.150082192 102.421610815 93.150082192 102.350043497
-93.0067335883 102.943303376 93.0067335883 102.871483592
-92.8628261146 103.39478953 92.8628261146 103.323072255
-92.719040499 103.845489369 92.719040499 103.773886605
-92.5752353934 104.367822306 92.5752353934 104.295956558
-92.4311684419 104.81879608 92.4311684419 104.747036941
-92.2873075802 105.34072866 92.2873075801 105.268715602
-92.1429978231 105.791848035 92.1429978231 105.719938458
-91.9989987968 106.241519702 91.9989987968 106.169873505
-91.8545081996 106.764729351 91.8545081996 106.692671545
-91.7100762523 107.215233399 91.7100762523 107.143286598
-91.5656938418 107.737471022 91.5656938418 107.665266406
-91.4209965706 108.188212988 91.4209965706 108.116113392
-91.2765529958 108.710089693 91.2765529958 108.637739389
-91.1316211222 109.160969226 91.1316211222 109.088721218
-90.9868761672 109.610859265 90.9868761672 109.538738741
-90.8419354256 110.133564129 90.8419354256 110.061169647
-90.6968681561 110.583906691 90.6968681561 110.511619933
-90.5519335041 111.106028427 90.5519335041 111.033488791
-90.4066175777 111.556570349 90.4066175777 111.484134069
-90.2616147542 112.078374347 90.2616147542 112.005690621
-90.1160741122 112.52903962 90.1160741122 112.456456952
-89.9706615048 112.978933904 89.9706615048 112.906464849
-89.8252260805 113.501364856 89.8252260805 113.428637459
-89.6795371861 113.951567266 89.6795371861 113.878944797
-89.5340707935 114.473565116 89.5340707935 114.400694199
-89.3881488034 114.923932041 89.3881488034 114.851162854
-89.2424493912 115.373207305 89.2424493912 115.30057846
-89.0964699209 115.896130448 89.0964699209 115.823216822
-88.95042388 116.345974275 88.95042388 116.273168169
-88.8044942716 116.868193645 88.8044942716 116.795136997
-88.6581993618 117.318267879 88.6581993618 117.245313852
-88.5122181412 117.840142985 88.5122181412 117.766944421
-88.3657031293 118.290355311 88.3657031293 118.217256952
-88.2193173342 118.739813884 88.2193173342 118.666827897
-88.0729215609 119.262293209 88.0729215609 119.189052258
-87.926264302 119.712072179 87.926264302 119.638935043
-87.7798486148 120.234110612 87.7798486148 120.160728297
-87.6329644908 120.684062206 87.6329644908 120.610780574
-87.4862659956 121.133073419 87.4862659956 121.059916649
-87.3393901889 121.655888984 87.3393901889 121.582465107
-87.1923788494 122.105376213 87.1923788494 122.032057769
-87.0455345081 122.627584699 87.0455345081 122.554019976
-86.8982874848 123.077285747 86.8982874848 123.003822258
-86.751394671 123.599167152 86.751394671 123.525462661
-86.6039356999 124.049007071 86.6039356999 123.975401598
-86.4565807669 124.498197743 86.4565807669 124.424700032
-86.3093122044 125.020587283 86.3093122044 124.946841444
-86.1617084156 125.470047388 86.1617084156 125.396403414
-86.0144119009 125.992051449 86.0144119009 125.918166414
-85.8665927835 126.441672434 85.8665927835 126.367886644
-85.7189038067 126.890563497 85.7189038067 126.816888927
-85.5712154712 127.413144383 85.5712154712 127.339218677
-85.4232615466 127.862370597 85.4232615466 127.788547468
-85.2755693446 128.384494946 85.2755693446 128.310430598
-85.1273960195 128.833906109 85.1273960195 128.759941232
-84.9793846027 129.28248652 84.9793846027 129.20863853
-84.8312790421 129.805275214 84.8312790421 129.731170849
-84.6829794843 130.254280561 84.6829794843 130.180279529
-84.5349003968 130.776519504 84.5349003968 130.702277039
-84.3863773615 131.225733536 84.3863773615 131.151590745
-84.238054984 131.673991264 84.238054984 131.599975583
-84.089534265 132.197005313 84.089534265 132.122723451
-83.9408953294 132.645796351 83.9408953294 132.571618623
-83.7924379689 133.168144387 83.7924379689 133.093724959
-83.643570846 133.617169803 83.643570846 133.542850226
-83.4949556599 134.065068695 83.4949556599 133.99090199
-83.3460149132 134.588349607 83.3460149132 134.51389137
-83.1970390872 135.03694432 83.1970390872 134.96259095
-83.0482136265 135.559389962 83.0482136265 135.484794696
-82.8990057213 136.008241624 82.8990057213 135.933746322
-82.7501607928 136.530318054 82.7501607928 136.455586925
-82.6007510169 136.979330585 82.6007510169 136.904697055
-82.4514411178 137.427745193 82.4514411178 137.353217121
-82.3022581287 137.950275124 82.3022581287 137.87550511
-82.152713127 138.398966036 82.152713127 138.324296021
-82.0035199013 138.921105363 82.0035199013 138.846200073
-81.8537731751 139.369965821 81.8537731751 139.295158044
-81.7041309984 139.818219187 81.7041309984 139.743517209
-81.5546017485 140.34081722 81.5546017485 140.265873519
-81.4047228894 140.789361087 81.4047228894 140.714517326
-81.2551908658 141.311552832 81.2551908658 141.236474448
-81.1051119234 141.760269997 81.1051119234 141.685288989
-80.9551397622 142.208378783 80.9551397622 142.133503636
-80.8052752231 142.731029365 80.8052752231 142.655913011
-80.6550662583 143.179437721 80.6550662583 143.104421157
-80.5052045132 143.701672415 80.5052045132 143.626421977
-80.3547967938 144.150258411 80.3547967938 144.075105166
-80.2044951688 144.598244267 80.2044951688 144.523196569
-80.0543071784 145.120928353 80.0543071784 145.04564036
-79.9037718153 145.569212161 79.9037718153 145.494023711
-79.7535894217 146.091479851 79.7535894217 146.01605838
-79.6028562334 146.539946539 79.6028562334 146.464622029
-79.4522271064 146.987825767 79.4522271064 146.91260619
-79.3017266029 147.510527014 79.3017266029 147.435068376
-79.1508672521 147.958700654 79.1508672521 147.883341217
-79.0003733819 148.480990539 79.0003733819 148.405399044
-78.8493197482 148.929344018 78.8493197482 148.853849203
-78.6983635052 149.377137343 78.6983635052 149.301746574
-78.5475613725 149.899839097 78.5475613725 149.824210799
-78.3963805295 150.347916019 78.3963805295 150.272386494
-78.2454629541 150.794877793 78.2454629541 150.719505236
-78.0942132072 151.318468996 78.0942132072 151.242804827
-77.9429339405 151.766184517 77.9429339405 151.6906234
-77.7918392197 152.288876049 77.7918392197 152.213079059
-77.6403413061 152.736863306 77.6403413061 152.661164612
-77.4890545224 153.183919568 77.4890545224 153.108348787
-77.3375657365 153.707327761 77.3375657365 153.631495187
-77.1859649258 154.154981309 77.1859649258 154.079250699
-77.0345868544 154.67765066 77.0345868544 154.601685945
-76.8827755356 155.125557003 76.8827755356 155.049690062
-76.7311377813 155.572664928 76.7311377813 155.496914569
-76.5794034533 156.095933216 76.5794034533 156.019933184
-76.4274857522 156.543530021 76.4274857522 156.467630889
-76.2758317159 157.06617114 76.2758317159 156.990039659
-76.1237105239 157.514005318 76.1237105239 157.437971064
-75.9717331994 157.961145684 75.9717331994 157.885221722
-75.8197530712 158.484294668 75.8197530712 158.408128128
-75.6675210105 158.931846045 75.6675210105 158.855779361
-75.5155986258 159.454451532 75.5155986258 159.378154249
-75.3631714864 159.902220511 75.3631714864 159.826019892
-75.2108654474 160.349376221 75.2108654474 160.273281922
-75.0586404292 160.872421755 75.0586404292 160.796089658
-74.9060991 161.319930674 74.9060991 161.243697467
-74.7539144254 161.842498012 74.7539144254 161.766035884
-74.6011850965 162.290208954 74.6011850965 162.213842931
-74.4485578769 162.737373753 74.4485578769 162.661111231
-74.2960907574 163.260324546 74.2960907574 163.183827853
-74.1432454331 163.707793046 74.1432454331 163.631394349
-73.9906216873 164.154321721 73.9906216873 164.078054264
-73.837777421 164.677977125 73.837777421 164.601446669
-73.6848357494 165.125147294 73.6848357494 165.048718233
-73.5321295125 165.648010816 73.5321295125 165.571350495
-73.3789844483 166.095443719 73.3789844483 166.018880563
-73.2259979775 166.542152863 73.2259979775 166.465702129
-73.0729729307 167.065534692 73.0729729307 166.988840785
-72.9197243535 167.512703914 72.9197243535 167.436109778
-72.766781756 168.0354879 72.766781756 167.958664925
-72.6133412149 168.482889724 72.613341215 168.406163152
-72.4600224349 168.929694032 72.4600224349 168.853073304
-72.3067954179 169.452891915 72.3067954179 169.376035553
-72.1532470431 169.900055193 72.1532470431 169.82329729
-72.0000712325 170.422765544 72.0000712325 170.345780903
-71.8463413954 170.87013489 71.8463413954 170.793245948
-71.6927069868 171.3169965 71.6927069868 171.240209897
-71.5392704967 171.840052576 71.5392704967 171.763034766
-71.3854287008 172.287207247 71.3854287008 172.210286803
-71.2317662516 172.733582293 71.2317662516 172.656778678
-71.078007954 173.257190388 71.078007954 173.180140131
-70.9240698422 173.704087608 70.9240698422 173.627137426
-70.7704215085 174.227025961 70.7704215085 174.149847725
-70.6162914857 174.674172794 70.6162914857 174.59709099
-70.4622884622 175.12071715 70.4622884622 175.043741765
-70.308364497 175.644063856 70.308364497 175.566853348
-70.1541309482 176.090986924 70.1541309482 176.013874856
-70.0002709783 176.613822425 70.0002709783 176.536484806
-69.8458588394 177.060959358 69.8458588394 176.983717355
-69.6915426575 177.50759861 69.6915426575 177.430458717
-69.5374341466 178.030763416 69.5374341466 177.953393736
-69.3829143259 178.477700279 69.3829143259 178.400427786
-69.2285641079 178.923902524 69.2285641079 178.846744129
-69.0741555313 179.447570232 69.0741555313 179.370169183
-68.9195414433 179.894271318 68.9195414433 179.816969899
-68.7652411712 180.417293663 68.7652411712 180.339765907
-68.6104420883 180.864239096 68.6104420883 180.786807515
-68.4557586829 181.310630392 68.4557586829 181.23330351
-68.3012029467 181.834018041 68.3012029467 181.756459108
-68.1463022709 182.280761199 68.1463022709 182.203300215
-67.9916356171 182.726563812 67.9916356171 182.649237692
-67.8367358212 183.250614909 67.8367358212 183.173025523
-67.6817498113 183.697110918 67.6817498113 183.619622419
-67.5270247844 184.22030773 67.5270247844 184.142592084
-67.371847331 184.667078718 67.371847331 184.589459779
-67.2168074243 185.113231879 67.2168074243 185.035720893
-67.0618188747 185.636834017 67.0618188747 185.559088094
-66.9065460966 186.083399921 66.9065460966 186.00575268
-66.7516435807 186.606447708 66.7516435807 186.528576548
-66.5961969493 187.053239338 66.5961969493 186.9754639
-66.4408469193 187.499549208 66.4408469193 187.421875907
-66.2857138832 188.022904344 66.2857138832 187.945003154
-66.1301665255 188.469518084 66.1301665255 188.391714086
-65.9747776947 188.915452831 65.9747776947 188.837760578
-65.8193736694 189.439251635 65.8193736694 189.361321101
-65.6637363683 189.885660148 65.6637363683 189.807828945
-65.5084429471 190.408835459 65.5084429471 190.330780296
-65.3526299582 190.85548552 65.3526299583 190.777526435
-65.1969220335 191.301633709 65.1969220335 191.223777846
-65.0413996786 191.825124923 65.0413996786 191.747040681
-64.8854901931 192.271600629 64.8854901931 192.193613991
-64.7297556964 192.717350818 64.7297556964 192.6394795
-64.5739582547 193.241313185 64.5739582547 193.163200575
-64.4179630949 193.687587051 64.4179630949 193.609574277
-64.2622968299 194.210869835 64.2622968299 194.132633293
-64.1061255988 194.657396576 64.1061255988 194.579256417
-63.950064333 195.103412719 63.950064333 195.025376506
-63.7941732725 195.627011947 63.7941732725 195.548747336
-63.637908999 196.073370372 63.637908999 195.995203682
-63.4818295457 196.51897875 63.4818295457 196.440929547
-63.3256646763 197.043059275 63.3256646763 196.964767328
-63.1693187684 197.489220367 63.1693187684 197.411028592
-63.0132980925 198.01259006 63.0132980925 197.934174982
-62.8567773261 198.459010524 62.8567773261 198.380692084
-62.700369018 198.904919554 62.700369018 198.826705396
-62.5441296348 199.428600423 62.5441296348 199.350158363
-62.3875194332 199.874858585 62.3875194332 199.796514685
-62.231092019 200.320380757 62.231092019 200.242153988
-62.0745886691 200.8445252 62.0745886691 200.766056922
-61.9178987941 201.290597152 61.9178987941 201.212229207
-61.7615424878 201.814032973 61.7615424878 201.735442484
-61.6046808618 202.260365091 61.6046808618 202.181871459
-61.4479287373 202.706202212 61.4479287373 202.627812699
-61.2913631908 203.229933411 61.2913631908 203.151317135
-61.134415341 203.676110797 61.134415341 203.597592841
-60.9776384922 204.121598103 60.9776384922 204.043194778
-60.8208252217 204.645754774 60.8208252217 204.567113502
-60.6637998439 205.091757142 60.6637998439 205.013216228
-60.5071264841 205.615240193 60.5071264841 205.536477758
-60.3499338584 206.061499621 60.3499338584 205.982834241
-60.1928447955 206.507289948 60.1928447955 206.428728243
-60.0359733846 207.031047762 60.0359733846 206.952260866
-59.8786962732 207.477164933 59.8786962732 207.398476475
-59.7215745464 207.922650438 59.7215745464 207.844073524
-59.5644749696 208.446785685 59.5644749696 208.367975155
-59.4071218673 208.892741536 59.4071218673 208.814031299
-59.2501502019 209.416253828 59.2501502019 209.33732333
-59.0926370153 209.862456053 59.0926370153 209.783622808
-58.9352207122 210.308217605 58.9352207122 210.229487495
-58.7780624136 210.831984338 58.7780624136 210.753030859
-58.6204670545 211.278055936 58.6204670545 211.199201016
-58.4630083609 211.723563672 58.4630083609 211.644817513
-58.3056424384 212.247657705 58.3056424384 212.168682131
-58.1479725997 212.693582473 58.1479725997 212.614707128
-57.9905348454 213.138636732 57.9905348454 213.059895425
-57.8328973431 213.66327314 57.8328973431 213.584276429
-57.6751622343 214.109029763 57.6751622343 214.030135643
-57.5177362542 214.632788874 57.5177362542 214.55367338
-57.3598337817 215.078831254 57.3598337817 214.999814472
-57.2020496265 215.524376041 57.2020496265 215.445465872
-57.0444351693 216.048418239 57.0444351693 215.969282398
-56.8864597379 216.49432921 56.8864597379 216.41529358
-56.7286629951 216.939552403 56.7286629951 216.86063413
-56.5708248563 217.463998017 56.5708248563 217.384842842
-56.412783651 217.909763255 56.412783651 217.830710277
-56.2551075168 218.433506226 56.2551075168 218.354233889
-56.0969108174 218.879533528 56.0969108174 218.800360134
-55.9388174106 219.325118824 55.9388174106 219.246050621
-55.7809697015 219.849109509 55.7809697015 219.769818822
-55.6227017686 220.295021376 55.6227017686 220.215831001
-55.4645757772 220.740372224 55.4645757772 220.66129279
-55.3065374321 221.264678258 55.3065374321 221.185370321
-55.1482054662 221.710461139 55.1482054662 221.631255213
-54.9901067661 222.155391249 54.9901067661 222.076320264
-54.8318192393 222.680210701 54.8318192393 222.600886692
-54.6734324531 223.125844786 54.6734324531 223.046625104
-54.5153676233 223.649784485 54.5153676233 223.570345132
-54.3568217738 224.09571114 54.3568217738 224.016372348
-54.1983928794 224.541165115 54.1983928794 224.461934267
-54.0401615098 225.065363423 54.0401615098 224.985909221
-53.8815540062 225.511177399 53.8815540062 225.431825256
-53.7231101913 225.956373591 53.7231101913 225.877137303
-53.5646873883 226.480918213 53.5646873883 226.401450436
-53.4060244757 226.926609604 53.4060244757 226.847245765
-53.2476727334 227.371206502 53.2476727334 227.29204192
-53.0889524168 227.89645354 53.0889524168 227.81697356
-52.9302452786 228.341997455 52.9302452786 228.262624009
-52.7718321791 228.866110106 52.7718321791 228.786517049
-52.6129657645 229.31196924 52.6129657645 229.23247855
-52.4542281953 229.757331878 52.4542281953 229.677951908
-52.2956554312 230.281711716 52.2956554312 230.202107982
-52.1367367782 230.727465087 52.1367367782 230.647965342
-51.9780000883 231.172556387 51.9780000883 231.09317734
-51.8192390936 231.697304249 51.8192390936 231.61769133
-51.6602746504 232.142942429 51.6602746504 232.063435526
-51.5016951159 232.666982956 51.5016951159 232.587259512
-51.3425910553 233.112893485 51.3425910553 233.033272984
-51.1835923199 233.558391789 51.1835923199 233.478880093
-51.0248752977 234.082654176 51.0248752977 234.002923403
-50.8657213031 234.528480296 50.8657213031 234.448853949
-50.7067024154 234.973805107 50.7067024154 234.894292046
-50.5478364303 235.498335133 50.5478364303 235.41859869
-50.388638968 235.944068678 50.388638968 235.864438386
-50.2296324237 236.389127486 50.2296324237 236.309621245
-50.0705889768 236.914027052 50.0705889768 236.834286692
-49.9113567798 237.359653365 49.9113567798 237.280021292
-49.7525092571 237.883824967 49.7525092571 237.803977344
-49.5931431853 238.329733176 49.5931431853 238.249990777
-49.4338864646 238.775232903 49.4338864646 238.695601657
-49.27491481 239.299621893 49.27491481 239.219772662
-49.1155102172 239.745455114 49.1155102172 239.665712695
-48.9562438794 240.190794144 48.9562438794 240.11116738
-48.7971373157 240.715445619 48.7971373157 240.635596735
-48.6377006754 241.161197331 48.6377006754 241.081457092
-48.4784553931 241.606290886 48.4784553931 241.526676523
-48.3191880953 242.131299608 48.3191880953 242.051453143
-48.1597269851 242.576960289 48.1597269851 242.497224682
-48.0006624057 243.10124823 48.0006624057 243.021298463
-47.8410779093 243.547190302 47.8410779093 243.467348467
-47.6816034501 243.992739901 47.6816034501 243.913011805
-47.5224304676 244.51723908 47.5224304676 244.437294594
-47.3628189446 244.963121571 47.3628189446 244.883286729
-47.20334532 245.40853031 47.20334532 245.32881349
-47.0440553146 245.933280652 47.0440553146 245.853343767
-46.8844243844 246.379095767 46.8844243844 246.299270469
-46.7249780909 246.82429469 46.7249780909 246.744596067
-46.5655504071 247.349375978 46.5655504071 247.269449149
-46.4059076367 247.795116391 46.4059076367 247.715303436
-46.2465754144 248.239838669 46.2465754144 248.160213806
-46.0869279451 248.765533256 46.0869279451 248.685619091
-45.9272854241 249.211178441 45.9272854241 249.131381035
-45.767969715 249.735778039 45.767969715 249.655766262
-45.6082032908 250.181753656 45.6082032908 250.101854934
-45.4485725854 250.627284395 45.4485725854 250.547506438
-45.2891606702 251.152121887 45.2891606702 251.072126454
-45.1293901489 251.598044583 45.1293901489 251.518164286
-44.9697954343 252.04340248 44.9697954343 251.963650124
-44.8102712777 252.568544939 44.8102712777 252.488568764
-44.6505043052 253.014409759 44.6505043052 252.934551123
-44.4909989504 253.459440637 44.4909989504 253.379735547
-44.3313153578 253.98505792 44.3313153578 253.905104098
-44.1715626247 254.430851271 44.1715626247 254.351017891
-44.0121692832 254.955549253 44.0121692832 254.875503863
-43.8523095077 255.401665754 43.8523095077 255.321737567
-43.6925845442 255.84736572 43.6925845442 255.767561819
-43.5331174336 256.372292174 43.5331174336 256.292273658
-43.3732698479 256.81837705 43.3732698479 256.738478003
-43.2135910046 257.263946562 43.2135910046 257.184177794
-43.054040214 257.789151284 43.054040214 257.709163121
-42.8942152049 258.235194649 42.8942152049 258.155328509
-42.7346228374 258.680526365 42.7346228374 258.600805575
-42.5749572875 259.206129346 42.5749572875 259.126175206
-42.4151653975 259.652121443 42.4151653975 259.572292335
-42.2557673941 260.176924907 42.2557673941 260.096886412
-42.0958869734 260.623235563 42.0958869734 260.543319341
-41.936140027 261.06916316 41.936140027 260.989375734
-41.7766939884 261.594185666 41.7766939884 261.514186728
-41.6168470895 262.040482946 41.6168470895 261.960608784
-41.4571647627 262.486309134 41.4571647627 262.406569197
-41.2976631072 263.011596318 41.2976631072 262.931641076
-41.1378604045 263.457873235 41.1378604045 263.378045561
-40.9782734629 263.903525599 40.9782734629 263.823842939
-40.8186958072 264.429165908 40.8186958072 264.34925874
-40.6589484182 264.875414851 40.6589484182 264.795638454
-40.4996086625 265.320423234 40.4996086625 265.241021332
-40.3398134542 265.846905491 40.3398134542 265.767051029
-40.1801360708 266.293108893 40.1801360708 266.213389096
-40.0207957834 266.818251069 40.0207957834 266.73832293
-39.8610401813 267.264821573 39.8610401813 267.185024729
-39.7014487513 267.710958345 39.7014487513 267.631301387
-39.542083505 268.236356556 39.542083505 268.156488162
-39.3823986215 268.68292808 39.3823986215 268.603194092
-39.2229221349 269.128936667 39.2229221349 269.049351604
-39.0635168984 269.654666054 39.0635168984 269.574862623
-38.903914665 270.101233143 38.903914665 270.021567634
-38.7446313736 270.54689117 38.7446313736 270.467417165
-38.5851215742 271.073191238 38.5851215742 270.993458286
-38.4256171895 271.519739724 38.4256171895 271.440148858
-38.266481865 272.04503003 38.266481865 271.965234136
-38.1069240257 272.491945218 38.1069240257 272.412288591
-37.9475370413 272.938448295 37.9475370413 272.85893917
-37.7884086761 273.463997895 37.7884086761 273.384281001
-37.6289533049 273.910937666 37.6289533049 273.831363577
-37.4697108516 274.357344967 37.4697108516 274.277927071
-37.3105776472 274.883223354 37.3105776472 274.803591692
-37.151239194 275.33018016 37.151239194 275.250695267
-36.9922083832 275.776311665 36.9922083832 275.697013688
-36.8330192071 276.302719424 36.8330192071 276.223179572
-36.6738144491 276.749679916 36.6738144491 276.670291474
-36.5149979294 277.275161367 36.5149979294 277.195571291
-36.3557659983 277.722497385 36.3557659983 277.643056305
-36.196715881 278.169436461 36.196715881 278.090152741
-36.0379412274 278.695189528 36.0379412274 278.615701532
-35.8788499976 279.1425752 35.8788499976 279.063240293
-35.7199863368 279.589433978 35.7199863368 279.510265954
-35.5612410839 280.115536245 35.5612410839 280.036157764
-35.4023078827 280.56296179 35.4023078827 280.48374098
-35.2437100827 281.009525967 35.2437100827 280.930510723
-35.0849332662 281.536217139 35.0849332662 281.456956024
-34.9261772654 281.983668439 34.9261772654 281.904570366
-34.7678115169 282.509398475 34.7678115169 282.430102194
-34.6090554588 282.957247506 34.6090554588 282.878112064
-34.450501101 283.40469536 34.450501101 283.325729927
-34.2922146522 283.930723236 34.2922146522 283.851556655
-34.1336461599 284.378645809 34.1336461599 284.299644873
-33.9753343708 284.826009288 33.9753343708 284.747190511
-33.8171093449 285.352437377 33.8171093449 285.273409363
-33.6587484134 285.800422917 33.6587484134 285.721565972
-33.5008629667 286.32619781 33.5008629667 286.247147712
-33.3425377649 286.774558963 33.3425377649 286.695678886
-33.1844085275 287.222585755 33.1844085275 287.143883252
-33.0266457256 287.74864224 33.0266457256 287.669744797
-32.8685441174 288.197106353 32.8685441174 288.118384141
-32.7106798925 288.645124893 32.7106798925 288.566589403
-32.5530323725 289.17153639 32.5530323725 289.092801635
-32.3951751632 289.620096768 32.3951751632 289.541543013
-32.2376434309 290.067946529 32.2376434309 289.989603127
-32.0800695225 290.594902766 32.0800695225 290.516341287
-31.9224811495 291.043543503 31.9224811495 290.965169689
-31.7653283601 291.569701135 31.7653283601 291.491137656
-31.6078061338 292.018763932 31.6078061338 291.940386925
-31.4505198241 292.467443264 31.4505198241 292.389262538
-31.2935302344 292.993946039 31.2935302344 292.915572641
-31.1362956179 293.443136656 31.1362956179 293.364956031
-30.9793658033 293.891744681 30.9793658033 293.813776554
-30.8225140412 294.418734902 30.8225140412 294.340563553
-30.6655941291 294.868036622 30.6655941291 294.790065224
-30.5091530507 295.394362243 30.5091530507 295.316206088
-30.3523365205 295.844087844 30.3523365205 295.766131192
-30.1957656685 296.293462992 30.1957656685 296.215715303
-30.039534346 296.820145983 30.039534346 296.742210967
-29.8830551625 297.270030674 29.8830551625 297.192302165
-29.7268909439 297.719367083 29.7268909439 297.641863491
-29.5708454727 298.246552501 29.5708454727 298.168852157
-29.4147343477 298.696576347 29.4147343477 298.61909048
-29.2591208604 299.223139467 29.2591208604 299.14547358
-29.1031497356 299.673604893 29.1031497356 299.596153525
-28.9474465731 300.1237207 28.9474465731 300.046493915
-28.7920887135 300.650675228 28.7920887135 300.573265648
-28.6365128053 301.101327841 28.6365128053 301.024140672
-28.4812879874 301.551388806 28.4812879874 301.474446166
-28.3261521105 302.078921121 28.3261521105 302.001783151
-28.1710075301 302.529732543 28.1710075301 302.452826087
-28.01635071 303.056613351 28.01635071 302.979531416
-27.8613818192 303.507902484 27.8613818192 303.43105232
-27.7067158553 303.958809717 27.7067158553 303.882203263
-27.5523587531 304.486143416 27.5523587531 304.409357561
-27.3978526851 304.937641301 27.3978526851 304.861096247
-27.2437928515 305.388312992 27.2437928515 305.312059004
-27.089649636 305.916473593 27.089649636 305.840001123
-26.935649505 306.368138319 26.935649505 306.291917506
-26.7820899079 306.895438206 26.7820899079 306.819045912
-26.6283015572 307.347633406 26.6283015572 307.27149271
-26.4748797903 307.799327325 26.4748797903 307.723456489
-26.3216476653 308.327220972 26.3216476653 308.251169675
-26.1684019393 308.779633576 26.1684019393 308.703844574
-26.0156876013 309.306983907 26.0156876013 309.231029588
-25.8626964019 309.75990391 25.8626964019 309.684213238
-25.7100535613 310.212444333 25.7100535613 310.137030689
-25.5577321419 310.740328658 25.5577321419 310.664745068
-25.4053256322 311.193510036 25.4053256322 311.118201065
-25.2535168367 311.720970369 25.2535168367 311.645501624
-25.101405296 312.174650959 25.101405296 312.099459094
-24.9496426934 312.628015314 24.9496426934 312.55311211
-24.7982817329 313.155995596 24.7982817329 313.080929539
-24.646803287 313.60997269 24.646803287 313.535195009
-24.495851462 314.063071407 24.495851462 313.988648312
-24.3448228122 314.592077289 24.3448228122 314.517436406
-24.1940384881 315.046273691 24.1940384881 314.971935502
-24.0437014872 315.574427196 24.0437014872 315.499932011
-23.8932430532 316.029236156 23.8932430532 315.955044473
-23.7433061012 316.483256063 23.7433061012 316.409416571
-23.5933686186 317.012397248 23.5933686186 316.938363164
-23.4436610284 317.467452033 23.4436610284 317.39373659
-23.2944200061 317.99584588 23.2944200061 317.921978642
-23.1450790706 318.451524575 23.1450790706 318.377977362
-22.9963075496 318.906321764 22.9963075496 318.833165168
-22.8474858945 319.435843197 22.8474858945 319.3624756
-22.698961433 319.891776362 22.698961433 319.818745399
-22.5508921356 320.420484366 22.5508921356 320.347306096
-22.4027713527 320.877073643 22.4027713527 320.804233421
-22.2553192877 321.405490168 22.2553192877 321.332510587
-22.1076476217 321.862647631 22.1076476217 321.790010315
-21.9604235302 322.31946246 21.9604235302 322.247182629
-21.8136007923 322.848581801 21.8136007923 322.776157683
-21.6668111331 323.306115284 21.6668111331 323.234048991
-21.5206542529 323.834918273 21.5206542529 323.76271727
-21.3743509345 324.293061859 21.3743509345 324.221222995
-21.228565446 324.750706913 21.228565446 324.679253074
-21.0830525511 325.280396812 21.0830525511 325.208796436
-20.9377160209 325.738890374 20.9377160209 325.667669952
-20.7929385322 326.268171581 20.7929385322 326.196820238
-20.6481234752 326.727333488 20.6481234752 326.656365962
-20.5040378839 327.256418053 20.5040378839 327.185326214
-20.3597834943 327.716188125 20.3597834943 327.645485746
-20.2160449048 328.175596365 20.2160449048 328.10530108
-20.0727172945 328.705517073 20.0727172945 328.635091148
-19.9295232415 329.165704289 19.9295232415 329.095686418
-19.7869551703 329.695354188 19.7869551703 329.625215845
-19.6443572133 330.156217363 19.6443572133 330.086492316
-19.5025292402 330.68572925 19.5025292402 330.615889646
-19.3605622122 331.147226598 19.3605622122 331.07780683
-19.2191552714 331.60834347 19.2191552714 331.539362756
-19.0781666921 332.13877849 19.0781666921 332.069675925
-18.937375782 332.600705177 18.937375782 332.532043098
-18.7972035917 333.130905894 18.7972035917 333.06213238
-18.6570782603 333.593548326 18.6570782603 333.52522109
-18.5177074462 334.123637965 18.5177074462 334.055205424
-18.3782831391 334.586954863 18.3782831391 334.518975758
-18.2395328694 335.049619139 18.2395328694 334.982130846
-18.1010209072 335.580971884 18.1010209072 335.513353652
-17.9629212701 336.04462924 17.9629212701 335.977490379
-17.8253271513 336.57563018 17.8253271513 336.508385483
-17.6879542077 337.04008732 17.6879542077 336.973326483
-17.5512384392 337.570958657 17.5512384392 337.504100231
-17.4146340065 338.036152366 17.4146340065 337.969784947
-17.2787940296 338.566978646 17.2787940296 338.50051935
-17.1429885479 339.03288809 17.1429885479 338.966928002
-17.0080323354 339.56371568 17.0080323354 339.497668536
-16.8730536829 340.030330039 16.8730536829 339.964790917
-16.7388074024 340.496309151 16.7388074024 340.431314488
-16.6048679869 341.028505288 16.6048679869 340.963400752
-16.4714207121 341.495436943 16.4714207121 341.430871337
-16.3384708665 342.027439038 16.3384708665 341.9627828
-16.2058800359 342.495198626 16.2058800359 342.431086854
-16.0739023892 343.027154979 16.0739023892 342.962960883
-15.9422044223 343.495699641 15.9422044223 343.432058069
-15.8112030543 344.0276759 15.8112030543 343.963957946
-15.6804280032 344.496987213 15.6804280032 344.433830953
-15.5504136319 345.029024053 15.5504136319 344.965796406
-15.4205895195 345.499091316 15.4205895195 345.436435199
-15.2915756346 346.031219329 15.2915756346 345.96849632
-15.1627285869 346.502038791 15.1627285869 346.439897615
-15.0347304138 347.034282225 15.0347304138 346.972078357
-14.9068862363 347.505851016 14.9068862363 347.444239658
-14.7799197745 348.038231403 14.7799197745 347.976561342
-14.6531025317 348.510552638 14.6531025317 348.449486079
-14.5271846234 349.043088185 14.5271846234 348.981966767
-14.401418682 349.516163161 14.401418682 349.455656522
-14.2765662904 350.04887153 14.2765662904 349.988313749
-14.1518754952 350.522702665 14.1518754952 350.462771211
-14.028105675 351.055600856 14.028105675 350.995621862
-13.9045142999 351.530187872 13.9045142999 351.470847026
-13.7818437962 352.063293735 13.7818437962 352.003908825
-13.6593766088 352.53863313 13.6593766088 352.479898482
-13.5378215973 353.071966302 13.5378215973 353.013190914
-13.4165024942 353.548056342 13.4165024942 353.48994365
-13.296078762 354.081637244 13.296078762 354.023486957
-13.175932793 354.5584697 13.175932793 354.500994931
-13.0566549891 355.092322661 13.0566549891 355.034813181
-12.9377080086 355.569883645 12.9377080086 355.513063043
-12.8195892219 356.104038642 12.8195892219 356.047185804
-12.7018709747 356.582295055 12.7018709747 356.526145397
-12.5849208144 357.11679636 12.5849208144 357.060616118
-12.46846547 357.595691566 12.46846547 357.540230912
-12.3526876119 358.130609119 12.3526876119 358.075117557
-12.2375499653 358.609987625 12.2375499653 358.555241419
-12.1229275155 359.145485595 12.1229275155 359.090698941
-12.0091919457 359.679848049 12.0091919457 359.625046035
-11.8956786067 360.161428668 11.8956786067 360.107363344
-11.7831765048 360.696135652 11.7831765048 360.642057526
-11.6709799017 361.178431216 11.6709799017 361.125104
-11.5597188489 361.713527187 11.5597188489 361.660189149
-11.4488721626 362.196470773 11.4488721626 362.143899346
-11.3388530262 362.732029442 11.3388530262 362.679447794
-11.2294136254 363.215433169 11.2294136254 363.163640306
-11.1206143718 363.751637103 11.1206143718 363.699828294
-11.0126859901 364.286883733 11.0126859901 364.235075276
-10.9050386793 364.772334852 10.9050386793 364.721315654
-10.7983997708 365.308004968 10.7983997708 365.256988002
-10.6921657835 365.794078818 10.6921657835 365.743866994
-10.5868116994 366.330262499 10.5868116994 366.280053311
-10.4820607756 366.816687395 10.4820607756 366.767308071
-10.3779535004 367.353640499 10.3779535004 367.304255577
-10.2747329841 367.889624248 10.2747329841 367.840250893
-10.1718616909 368.378090124 10.1718616909 368.329546589
-10.0699606573 368.914578128 10.0699606573 368.866047144
-9.96858880885 369.403467554 9.96858880885 369.355786203
-9.86797877465 369.940660276 9.86797877465 369.892987945
-9.76822403906 370.477071362 9.76822403906 370.429418613
-9.66882121308 370.967809487 9.66882121308 370.921012764
-9.57040760548 371.504752935 9.57040760548 371.457976551
-9.47254734032 371.995815259 9.47254734032 371.949916091
-9.3754344239 372.533547813 9.3754344239 372.487663911
-9.2791856091 373.070477105 9.2791856091 373.024619742
-9.18334032252 373.563354912 9.18334032252 373.51838079
-9.08843991094 374.100889282 9.08843991094 374.055941506
-8.99424140634 374.593606556 8.99424140634 374.5495879
-8.90058342357 375.13236533 8.90058342357 375.088343298
-8.80786530502 375.669913003 8.80786530502 375.625923234
-8.71567088819 376.164664041 8.71567088819 376.121587973
-8.6242802581 376.703014222 8.6242802581 376.659966469
-8.53373579605 377.240661412 8.53373579605 377.197650543
-8.44363461969 377.737026401 8.44363461969 377.694938109
-8.3544439145 378.275368111 8.3544439145 378.233315319
-8.26606888567 378.813163864 8.26606888567 378.771151902
-8.17809322656 379.311010532 8.17809322656 379.269932146
-8.09108396868 379.849457797 8.09108396868 379.808419594
-8.00487413291 380.387435949 8.00487413291 380.346442035
-7.91904193391 380.88668358 7.91904193391 380.846634813
-7.83420225381 381.425298746 7.83420225381 381.385293813
-7.75015180178 381.963485142 7.75015180178 381.923527551
-7.66647346903 382.464067953 7.66647346903 382.425067252
-7.58379180539 383.002895413 7.58379180539 382.963941518
-7.5018925392 383.541311687 7.5018925392 383.502407813
-7.42037450656 384.04315927 7.42037450656 384.005224098
-7.33983709201 384.582239312 7.33983709201 384.544353321
-7.26007782191 385.120906046 7.26007782191 385.083072387
-7.18072355476 385.623937349 7.18072355476 385.587084336
-7.10231310988 386.16331388 7.10231310988 386.126511765
-7.02467931998 386.70225245 7.02467931998 386.665504598
-6.94749261014 387.206354573 6.94749261014 387.170599807
-6.87118618027 387.746089981 6.87118618027 387.710386848
-6.79565952938 388.285326055 6.79565952938 388.249678693
-6.72065302079 388.790293942 6.72065302079 388.75565441
-6.64641544126 389.330517212 6.64641544126 389.295927391
-6.57297282649 389.870088017 6.57297282649 389.83555495
-6.5002700265 390.409334858 6.5002700265 390.374860677
-6.42795423826 390.916514162 6.42795423826 390.883051485
-6.3565657227 391.456484773 6.3565657227 391.42307899
-6.28591994351 391.996059586 6.28591994351 391.962713411
-6.21576014738 392.503894354 6.21576014738 392.471573923
-6.14637977143 393.044429755 6.14637977143 393.012163626
-6.0777593771 393.584383507 6.0777593771 393.552177033
-6.00985404513 394.124033161 6.00985404513 394.09188838
-5.94235636619 394.633766561 5.94235636619 394.602652574
-5.87571870247 395.174215156 5.87571870247 395.143159502
-5.8098034318 395.714237054 5.8098034318 395.683242844
-5.74449393269 396.223803148 5.74449393269 396.193876024
-5.6797305597 396.765379368 5.6797305597 396.735485769
-5.61576068516 397.305882871 5.61576068516 397.276049146
-5.55248866059 397.846020735 5.55248866059 397.816249629
-5.48977284388 398.357250596 5.48977284388 398.328542427
-5.42765106361 398.898770777 5.42765106361 398.870107958
-5.36627979524 399.43940197 5.36627979524 399.410799557
-5.30558689261 399.979688357 5.30558689261 399.951149173
-5.24547553052 400.491968965 5.24547553052 400.464513844
-5.18587931457 401.033880935 5.18587931457 401.00645736
-5.12703545636 401.574702783 5.12703545636 401.547339184
-5.06885387824 402.115167198 5.06885387824 402.08786685
-5.01131475446 402.655401375 5.01131475446 402.628165348
-4.95416656313 403.170583967 4.95416656313 403.144406986
-4.89777324061 403.711684783 4.89777324061 403.685565845
-4.84203079946 404.252362851 4.84203079946 404.226306448
-4.78691581649 404.792792708 4.78691581649 404.766800362
-4.73226802229 405.308561988 4.73226802229 405.283641739
-4.67822987895 405.850191087 4.67822987895 405.825321719
-4.62484854454 406.391146262 4.62484854454 406.366337261
-4.57208194667 406.931802804 4.57208194667 406.907057174
-4.51991488566 407.472249502 4.51991488566 407.447567082
-4.46814361388 407.989912835 4.46814361388 407.966299634
-4.41703224504 408.531333908 4.41703224504 408.507774976
-4.36653234325 409.072278314 4.36653234325 409.048780636
-4.3166198691 409.612966928 4.3166198691 409.589532152
-4.26728092726 410.153458971 4.26728092726 410.130085811
-4.21831692661 410.67252978 4.21831692661 410.650227425
-4.16998800972 411.213984244 4.16998800972 411.191735085
-4.12224325493 411.754988519 4.12224325493 411.732800243
-4.07506192437 412.295745615 4.07506192437 412.273619247
-4.02842994665 412.836307401 4.02842994665 412.814241007
-3.98219744184 413.356277854 3.98219744184 413.335288251
-3.93651026148 413.897993364 3.93651026148 413.877050623
-3.89139219861 414.439124363 3.89139219861 414.418240772
-3.84681658589 414.979988098 3.84681658589 414.959165482
-3.80276889481 415.520648313 3.80276889481 415.499884516
-3.7592341683 416.061128127 3.7592341683 416.040419997
-3.71601791583 416.583062155 3.71601791583 416.563423074
-3.67339147275 417.124459381 3.67339147275 417.104873193
-3.63129150739 417.665487983 3.63129150739 417.645961752
-3.58970208469 418.206287823 3.58970208469 418.186820207
-3.54860757435 418.746894323 3.54860757435 418.727481918
-3.50799245756 419.287324273 3.50799245756 419.267963512
-3.4676726441 419.810574119 3.4676726441 419.792280451
-3.42790797389 420.351936781 3.42790797389 420.333695912
-3.38864231491 420.892951076 3.38864231491 420.874769282
-3.34985960947 421.433739208 3.34985960947 421.415613893
-3.31154302101 421.974332549 3.31154302101 421.956259647
-3.27367647424 422.514747526 3.27367647424 422.496723173
-3.23613722114 423.038573488 3.23613722114 423.021619864
-3.19903858952 423.580189675 3.19903858952 423.563277915
-3.16242214081 424.121280248 3.16242214081 424.10442657
-3.12626785936 424.662119155 3.12626785936 424.645321507
-3.09055745522 425.202751107 3.09055745522 425.186004774
-3.05527348461 425.743196273 3.05527348461 425.72649685
-3.02040058881 426.283468852 3.02040058881 426.266812622
-2.98582019751 426.808602245 2.98582019751 426.793010643
-2.95165401984 427.35007126 2.95165401984 427.334523572
-2.91794067321 427.891071567 2.91794067321 427.875581735
-2.88465998238 428.431824218 2.88465998238 428.416387856
-2.85179145826 428.972368127 2.85179145826 428.956979653
-2.81931699018 429.512723892 2.81931699018 429.497378627
-2.78722132759 430.052906754 2.78722132759 430.037600946
-2.75549152709 430.592928999 2.75549152709 430.577659611
-2.72398145883 431.119908876 2.72398145883 431.10569714
-2.69292380281 431.660991881 2.69292380281 431.646836864
-2.66228291452 432.201767241 2.66228291452 432.187667114
-2.63203486397 432.742311744 2.63203486397 432.728259484
-2.60215841169 433.282654142 2.60215841169 433.268644014
-2.57263650587 433.822814135 2.57263650587 433.808841767
-2.54345529597 434.36280695 2.54345529597 434.348868958
-2.51460321167 434.90264486 2.51460321167 434.888738555
-2.48597459045 435.430253742 2.48597459045 435.417398284
-2.45771069062 435.971350704 2.45771069062 435.958548967
-2.42984558232 436.512061118 2.42984558232 436.499315301
-2.40235000712 437.052519293 2.40235000712 437.039820341
-2.37519911079 437.592763096 2.37519911079 437.580104167
-2.34837425433 438.132817287 2.34837425433 438.1201935
-2.32186105565 438.672700255 2.32186105565 438.660108009
-2.2956479325 439.212426309 2.2956479325 439.199862843
-2.26972520736 439.752006947 2.26972520736 439.739470069
-2.2440255105 440.280166232 2.2440255105 440.26867812
-2.21860586906 440.821289906 2.21860586906 440.809847987
-2.19357048783 441.361881783 2.19357048783 441.350497527
-2.16888073037 441.902195166 2.16888073037 441.890856526
-2.14450699591 442.44228044 2.14450699591 442.430979307
-2.12042896107 442.982169063 2.12042896107 442.970900076
-2.09663185485 443.521883294 2.09663185485 443.510642698
-2.07310425722 444.061439767 2.07310425722 444.050224788
-2.04983689545 444.600851424 2.04983689545 444.589659919
-2.02682195414 445.140128661 2.02682195414 445.128958918
-2.00405265631 445.679280047 2.00405265631 445.668130663
-1.98143342947 446.2095992 1.98143342947 446.199505265
-1.95919018358 446.75010199 1.95919018358 446.740072238
-1.93727831816 447.290269344 1.93727831816 447.280286367
-1.91565829101 447.830181575 1.91565829101 447.820234766
-1.89430600485 448.369883104 1.89430600485 448.35996613
-1.87320539363 448.909403068 1.87320539363 448.899511792
-1.8523447496 449.448762026 1.8523447496 449.43889354
-1.83171495418 449.987975281 1.83171495418 449.978127424
-1.81130854922 450.527054712 1.81130854922 450.517225808
-1.79111920852 451.066009845 1.79111920852 451.056198551
-1.77114141656 451.604848523 1.77114141656 451.595053732
-1.75137026215 452.143577346 1.75137026215 452.133798126
-1.73173580928 452.675122286 1.73173580928 452.66641094
-1.712473854 453.215296701 1.712473854 453.206647286
-1.69350510294 453.755121144 1.69350510294 453.746512816
-1.67478874719 454.294686969 1.67478874719 454.286109431
-1.65630221342 454.834044562 1.65630221342 454.825492002
-1.63803105141 455.373225606 1.63803105141 455.364694339
-1.61996497659 455.912251779 1.61996497659 455.903739261
-1.60209610262 456.451138855 1.60209610262 456.442643224
-1.58441804863 456.989898865 1.58441804863 456.981418695
-1.56692544367 457.528541325 1.56692544367 457.520075481
-1.54961363066 458.067073981 1.54961363066 458.058621536
-1.5324784789 458.605503289 1.5324784789 458.597063468
-1.51551625965 459.143834733 1.51551625965 459.135406877
-1.49870150686 459.674356106 1.49870150686 459.666963608
-1.48207897626 460.214900255 1.48207897626 460.207572456
-1.46579546793 460.754663006 1.46579546793 460.747389871
-1.44976113577 461.294064529 1.44976113577 461.286825592
-1.43393809857 461.833208988 1.43393809857 461.825995123
-1.41830657528 462.372151175 1.41830657528 462.364957389
-1.40285422056 462.910924359 1.40285422056 462.90374754
-1.38757238567 463.449550768 1.38757238567 463.442388796
-1.37245451173 463.98804629 1.37245451173 463.98089763
-1.35749533473 464.526422875 1.35749533473 464.519286359
-1.34269045014 465.064689863 1.34269045014 465.05756457
-1.32803605539 465.602854781 1.32803605539 465.595739964
-1.3135287882 466.14092385 1.3135287882 466.13381889
-1.29916562003 466.678902315 1.29916562003 466.671806686
-1.28494378297 467.216794677 1.28494378297 467.209707925
-1.27086071792 467.754604848 1.27086071792 467.747526579
-1.25691403667 468.292336276 1.25691403667 468.28526614
-1.24306884776 468.824908803 1.24306884776 468.818893402
-1.22954398493 469.364602823 1.22954398493 469.35866718
-1.21627523954 469.90374827 1.21627523954 469.897850502
-1.20319752946 470.442568854 1.20319752946 470.43669546
-1.19028470905 470.98115734 1.19028470905 470.97530208
-1.17752265761 471.51956298 1.17752265761 471.513722345
-1.16490236158 472.057815899 1.16490236158 472.05198766
-1.15241741584 472.595936311 1.15241741584 472.590118936
-1.14006291802 473.133938696 1.14006291802 473.128131066
-1.12783490894 473.671833945 1.12783490894 473.666035207
-1.11573006107 474.209630562 1.11573006107 474.203840042
-1.10374549192 474.747335395 1.10374549192 474.741552546
-1.09187864582 475.284954086 1.09187864582 475.279178455
-1.08012721541 475.822491388 1.08012721541 475.816722589
-1.06848908756 476.359951363 1.06848908756 476.354189065
-1.0569623048 476.89733754 1.0569623048 476.891581455
-1.04554503713 477.434653018 1.04554503713 477.428902893
-1.03423556089 477.971900551 1.03423556089 477.966156159
-1.02303224256 478.509082606 1.02303224256 478.503343742
-1.01193352613 479.046201412 1.01193352613 479.040467893
-1.00093792314 479.583258997 1.00093792314 479.577530654
-0.99011127586 480.117694193 0.99011127586 480.113080702
-0.979610254203 480.656606564 0.979610254203 480.652040884
-0.969287906895 481.195050955 0.969287906895 481.190509811
-0.959105237087 481.733210158 0.959105237087 481.728685362
-0.949045282728 482.271163431 0.949045282728 482.266650974
-0.939098473704 482.808953946 0.939098473704 482.804451498
-0.929258547505 483.346608508 0.929258547505 483.342114562
-0.919520986878 483.884145254 0.919520986878 483.879658762
-0.909882301815 484.421577234 0.909882301815 484.417097425
-0.900339656522 484.958914281 0.900339656522 484.954440565
-0.890890657669 485.496164072 0.890890657669 485.491695984
-0.881533225776 486.033332782 0.881533225776 486.028869942
-0.872265512828 486.570425489 0.872265512828 486.565967584
-0.863085847141 487.107446459 0.863085847141 487.102993222
-0.853992695131 487.64439933 0.853992695131 487.639950534
-0.844984633963 488.181287252 0.844984633963 488.176842698
-0.836060331472 488.718112986 0.836060331472 488.713672499
-0.827218531084 489.254878975 0.827218531084 489.2504424
-0.818458040253 489.791587404 0.818458040253 489.787154602
-0.809777721442 490.328240241 0.809777721442 490.323811086
-0.801176484976 490.864839272 0.801176484976 490.86041365
-0.792653283288 491.40138613 0.792653283288 491.396963936
-0.784207106236 491.937882314 0.784207106236 491.933463451
-0.775836977241 492.474329209 0.775836977241 492.469913587
-0.767541950067 493.010728098 0.767541950067 493.006315635
-0.759321106107 493.547080178 0.759321106107 493.542670797
-0.751173552087 494.083386569 0.751173552087 494.078980197
-0.743227786492 494.618555691 0.743227786492 494.615285798
-0.735591177475 495.156878547 0.735591177475 495.153647989
-0.728092039799 495.694673841 0.728092039799 495.691461639
-0.720695602721 496.232172211 0.720695602721 496.228971692
-0.713387880765 496.769465284 0.713387880765 496.76627332
-0.706161305409 497.306600824 0.706161305409 497.303415645
-0.699011065996 497.843607638 0.699011065996 497.840428122
-0.691933769919 498.380504792 0.691933769919 498.377330171
-0.684926843364 498.917305757 0.684926843364 498.914135476
-0.677988225881 499.454020525 0.677988225881 499.450854164
-0.67111619953 499.990656787 0.67111619953 499.987494017
-0.664309286338 500.527220649 0.664309286338 500.524061207
-0.657566183277 501.063717073 0.657566183277 501.060560742
-0.650885719153 501.60015018 0.650885719153 501.59699678
-0.64426682495 502.136523451 0.64426682495 502.133372827
-0.637708512781 502.672839869 0.637708512781 502.669691889
-0.631209860553 503.209102024 0.631209860553 503.205956571
-0.624770000525 503.745312191 0.624770000525 503.742169163
-0.618388110609 504.281472385 0.618388110609 504.278331691
-0.612063407617 504.817584411 0.612063407617 504.814445969
-0.605795141956 505.353649895 0.605795141956 505.350513632
-0.599582593381 505.889670312 0.599582593381 505.88653616
-0.593425067566 506.42564701 0.593425067566 506.422514907
-0.587321893287 506.961581226 0.587321893287 506.958451116
-0.581272420095 507.497474102 0.581272420095 507.494345933
-0.575276016371 508.033326698 0.575276016371 508.03020042
-0.569332067676 508.569139998 0.569332067676 508.566015567
-0.563439975354 509.104914926 0.563439975354 509.101792298
-0.55759915533 509.640652344 0.55759915533 509.63753148
-0.551809037069 510.176353065 0.551809037069 510.173233928
-0.546069062671 510.712017856 0.546069062671 510.70890041
-0.540378686077 511.247647444 0.540378686077 511.244531655
-0.53473737237 511.783242515 0.53473737237 511.780128351
-0.529144597154 512.318803724 0.529144597154 512.315691155
-0.523599845998 512.854331695 0.523599845998 512.851220691
-0.51810261394 513.38982702 0.51810261394 513.386717555
-0.512652405041 513.92529027 0.512652405041 513.922182316
-0.507248731979 514.460721989 0.507248731979 514.457615521
-0.501891115681 514.996122698 0.501891115681 514.993017692
-0.496728813402 515.531484418 0.496728813402 515.529533985
-0.49190054312 516.069200917 0.49190054312 516.067283274
-0.487173141594 516.606241628 0.487173141594 516.604336594
-0.482513796067 517.142951198 0.482513796067 517.141053584
-0.477911185945 517.679446707 0.477911185945 517.677554268
-0.473359611047 518.215785074 0.473359611047 518.213896597
-0.468855615395 518.751999188 0.468855615395 518.75011393
-0.464396846684 519.288110165 0.464396846684 519.286227627
-0.45998157028 519.824132565 0.45998157028 519.822252394
-0.455608429604 520.36007697 0.455608429604 520.358198905
-0.451276315348 520.895951385 0.451276315348 520.894075224
-0.446984288482 521.431762059 0.446984288482 521.429887642
-0.442731532197 521.967514002 0.442731532197 521.9656412
-0.438517320468 522.503211312 0.438517320468 522.501340018
-0.434340996679 523.038857407 0.434340996679 523.036987532
-0.430201958615 523.574455181 0.430201958615 523.572586648
-0.426099647629 524.110007117 0.426099647629 524.108139859
-0.422033540637 524.64551537 0.422033540637 524.64364933
-0.418003144079 525.180981831 0.418003144079 525.179116959
-0.414007989279 525.716408176 0.414007989279 525.714544426
-0.410047628818 526.251795898 0.410047628818 526.24993323
-0.406121633665 526.787146342 0.406121633665 526.785284719
-0.402229590867 527.322460723 0.402229590867 527.320600113
-0.398371101679 527.857740151 0.398371101679 527.855880523
-0.394545780023 528.39298564 0.394545780023 528.391126966
-0.390753251208 528.928198123 0.390753251208 528.926340377
-0.386993150859 529.463378463 0.386993150859 529.461521622
-0.383265124017 529.998527461 0.383265124017 529.996671503
-0.379568824362 530.533645863 0.379568824362 530.531790767
-0.375903913556 531.068734368 0.375903913556 531.066880115
-0.37227006067 531.60379363 0.37227006067 531.601940202
-0.368666941684 532.138824266 0.368666941684 532.136971646
-0.365094239056 532.673826856 0.365094239056 532.671975028
-0.361551641335 533.208801951 0.361551641335 533.206950899
-0.358038842821 533.743750072 0.358038842821 533.741899781
-0.354555543265 534.278671714 0.354555543265 534.276822172
-0.351101447594 534.81356735 0.351101447594 534.811718543
-0.347676265674 535.34843743 0.347676265674 535.346589345
-0.344279712084 535.883282384 0.344279712084 535.88143501
-0.340911505921 536.418102625 0.340911505921 536.416255949
-0.337571370616 536.952898548 0.337571370616 536.95105256
-0.334259033768 537.487670533 0.334259033768 537.485825222
-0.330974226995 538.022418944 0.330974226995 538.0205743
-0.32771668579 538.557144135 0.32771668579 538.555300148
-0.324486149394 539.091846443 0.324486149394 539.090003104
-0.321282360675 539.626526197 0.321282360675 539.624683495
-0.318105066016 540.161183712 0.318105066016 540.15934164
-0.314954015214 540.695819295 0.314954015214 540.693977845
-0.311828961379 541.230433243 0.311828961379 541.228592405
-0.308729660845 541.765025843 0.308729660845 541.76318561
-0.305655873086 542.299597374 0.305655873086 542.297757737
-0.302607360632 542.834148106 0.302607360632 542.832309058
-0.299583888997 543.368678303 0.299583888997 543.366839837
-0.296585226604 543.90318822 0.296585226604 543.901350328
-0.293611144719 544.437678107 0.293611144719 544.435840782
-0.290661417385 544.972148205 0.290661417385 544.970311441
-0.287735821364 545.506598752 0.287735821364 545.504762542
-0.284834136072 546.041029977 0.284834136072 546.039194315
-0.281956143531 546.575442105 0.281956143531 546.573606984
-0.27910162831 547.109835355 0.27910162831 547.10800077
-0.276270377477 547.644209943 0.276270377477 547.642375886
-0.273462180548 548.178566076 0.273462180548 548.176732543
-0.270676829442 548.712903961 0.270676829442 548.711070944
-0.267914118435 549.247223796 0.267914118435 549.245391291
-0.265173844117 549.781525778 0.265173844118 549.779693779
-0.262455805351 550.315810098 0.262455805351 550.3139786
-0.259759803229 550.850076945 0.259759803229 550.848245942
-0.257085641039 551.384326501 0.257085641039 551.382495989
-0.254433124223 551.918558949 0.254433124223 551.916728921
-0.251802060343 552.452774463 0.251802060343 552.450944916
-0.249293780471 552.987456796 0.249293780471 552.986803882
-0.247224435687 553.524614585 0.247224435687 553.523983838
-0.24521862032 554.060691639 0.24521862032 554.060066297
-0.243246122592 554.596365201 0.243246122592 554.595742662
-0.241299351094 555.131802944 0.241299351094 555.131182225
-0.239374897229 555.667078063 0.239374897229 555.66645867
-0.237470833568 556.2022304 0.237470833568 556.201612041
-0.235585913791 556.737284531 0.235585913791 556.736667019
-0.23371925612 557.27225691 0.23371925612 557.271640114
-0.23187019469 557.807159211 0.23187019469 557.806543036
-0.23003820122 558.342000087 0.23003820122 558.341384462
-0.228222840131 558.876786175 0.228222840131 558.876171044
-0.226423741116 559.411522705 0.226423741116 559.410908024
-0.224640581519 559.946213895 0.224640581519 559.945599627
-0.222873074522 560.480863208 0.222873074522 560.480249324
-0.22112096096 561.015473539 0.22112096096 561.014860013
-0.219384003489 561.550047336 0.219384003489 561.549434147
-0.217661982311 562.084586698 0.217661982311 562.083973827
-0.215954691984 562.619093442 0.215954691984 562.618480873
-0.214261938997 563.153569158 0.214261938997 563.152956878
-0.212583539885 563.688015248 0.212583539885 563.687403243
-0.210919319758 564.222432957 0.210919319758 564.221821216
-0.209269111115 564.7568234 0.209269111115 564.756211912
-0.207632752907 565.291187578 0.207632752907 565.290576336
-0.206010089755 565.825526402 0.206010089755 565.824915397
-0.204400971318 566.359840698 0.204400971318 566.359229922
-0.202805251765 566.894131222 0.202805251765 566.893520669
-0.20122278933 567.428398669 0.20122278933 567.427788332
-0.199653445939 567.96264368 0.199653445939 567.962033553
-0.198097086892 568.496866849 0.198097086892 568.496256926
-0.196553580589 569.031068726 0.196553580589 569.030459004
-0.195022798294 569.565249827 0.195022798294 569.5646403
-0.193504613934 570.099410633 0.193504613934 570.098801296
-0.191998903916 570.633551594 0.191998903916 570.632942443
-0.190505546974 571.167673134 0.190505546974 571.167064166
-0.189024424032 571.701775654 0.189024424032 571.701166865
-0.187555418075 572.235859531 0.187555418075 572.235250917
-0.186098414048 572.769925123 0.186098414048 572.769316681
-0.184653298752 573.30397277 0.184653298752 573.303364497
-0.183219960761 573.838002795 0.183219960761 573.837394688
-0.181798290338 574.372015505 0.181798290338 574.371407561
-0.18038817937 574.906011195 0.18038817937 574.905403411
-0.178989521296 575.439990144 0.178989521296 575.439382519
-0.177602211049 575.973952622 0.177602211049 575.973345152
-0.176226145006 576.507898887 0.176226145006 576.507291569
-0.174861220933 577.041829185 0.174861220933 577.041222018
-0.173507337939 577.575743754 0.173507337939 577.575136736
-0.172164396438 578.109642825 0.172164396439 578.109035952
-0.170832298105 578.643526616 0.170832298105 578.642919888
-0.169510945838 579.177395342 0.169510945838 579.176788756
-0.16820024373 579.711249207 0.16820024373 579.710642761
-0.16690009703 580.245088411 0.16690009703 580.244482103
-0.165610412119 580.778913146 0.165610412119 580.778306975
-0.164331096475 581.312723598 0.164331096475 581.312117562
-0.163062058655 581.846519949 0.163062058655 581.845914045
-0.161803208262 582.380302373 0.161803208262 582.379696601
-0.160554455924 582.91407104 0.160554455924 582.913465399
-0.159315713276 583.447826118 0.159315713276 583.447220604
-0.15808689293 583.981567765 0.15808689293 583.980962378
-0.156867908465 584.51529614 0.156867908465 584.514690878
-0.155658674397 585.049011394 0.155658674397 585.048406256
-0.15445910617 585.582713676 0.15445910617 585.582108661
-0.153269120133 586.116403132 0.153269120133 586.115798238
-0.152088633524 586.650079903 0.152088633524 586.649475129
-0.150917564457 587.183744126 0.150917564457 587.183139471
-0.149755831901 587.717395937 0.149755831901 587.716791399
-0.148603355669 588.251035468 0.148603355669 588.250431046
-0.147460056406 588.784662848 0.147460056406 588.78405854
-0.146325855569 589.318278202 0.146325855569 589.317674008
-0.145200675418 589.851881654 0.145200675418 589.851277573
-0.144084439002 590.385473324 0.144084439002 590.384869355
-0.142977070148 590.919053332 0.142977070148 590.918449473
-0.141878493446 591.452621793 0.141878493446 591.452018043
-0.140788634241 591.986178821 0.140788634241 591.985575178
-0.139707418619 592.519724526 0.139707418619 592.519120991
-0.138634773398 593.053259019 0.138634773398 593.05265559
-0.137570626115 593.586782407 0.137570626115 593.586179083
-0.13651490502 594.120294795 0.13651490502 594.119691575
-0.135467539061 594.653796286 0.135467539061 594.653193169
-0.134428457878 595.187286982 0.134428457878 595.186683967
-0.133397591792 595.720766982 0.133397591792 595.720164068
-0.132374871795 596.254236385 0.132374871795 596.253633572
-0.131360229543 596.787695288 0.131360229543 596.787092573
-0.130353597347 597.321143784 0.130353597347 597.320541168
-0.129354908161 597.854581967 0.129354908161 597.853979449
-0.128364095581 598.388009929 0.128364095581 598.387407507
-0.127381093827 598.92142776 0.127381093827 598.920825434
-0.126405837744 599.454835549 0.126405837744 599.454233318
-0.125438262788 599.988233383 0.125438262788 599.987631246
-0.124478305024 600.521621349 0.124478305024 600.521019305
-0.123525901112 601.05499953 0.123525901112 601.054397579
-0.122580988305 601.588368012 0.122580988305 601.587766153
-0.12164350444 602.121726875 0.12164350444 602.121125107
-0.120713387931 602.655076202 0.120713387931 602.654474524
-0.11979057776 603.188416072 0.11979057776 603.187814483
-0.118875013475 603.721746563 0.118875013475 603.721145064
-0.11796663518 604.255067755 0.11796663518 604.254466343
