-119.85369938 0.810373968823 119.85369938 0.762656880859
-119.736397983 1.38817938512 119.736397983 1.34110956708
-119.622382145 1.98568157884 119.622382145 1.93636265791
-119.50989242 2.56696918977 119.50989242 2.51597484461
-119.397398149 3.08908886795 119.397398149 3.03866393665
-119.28544836 3.65372044274 119.28544836 3.60192751605
-119.173030743 4.16257867512 119.173030743 4.11125342887
-119.060756202 4.71804992746 119.060756202 4.66553419698
-118.947941279 5.21839529005 118.947941279 5.16629201055
-118.835034892 5.76799669246 118.835034892 5.71481990554
-118.72165959 6.26212738165 118.72165959 6.20933312165
-118.607981372 6.8077002858 118.607981372 6.75391179003
-118.494033908 7.29672676385 118.494033908 7.24334241833
-118.379472145 7.83963043227 118.379472145 7.78527039355
-118.264889817 8.37985974692 118.264889817 8.32463910035
-118.14946383 8.86540049678 118.14946383 8.81050233017
-118.034095826 9.40340996577 118.034095826 9.34769636577
-117.917952669 9.88613088224 117.917952669 9.83072298452
-117.801801754 10.4223581411 117.801801754 10.3661721552
-117.684953544 10.9026435625 117.684953544 10.8467505446
-117.568028193 11.4374193875 117.568028193 11.3807793774
-117.450492865 11.915555543 117.450492865 11.8591992516
-117.332803609 12.4491417831 117.332803609 12.3920642058
-117.214602342 12.9253459456 117.214602342 12.8685464485
-117.096159754 13.4579587535 117.096159754 13.4004584333
-116.977317071 13.9323911929 116.977317071 13.875168325
-116.858129621 14.4642204382 116.858129621 14.4063107937
-116.738679018 14.9369688884 116.738679018 14.879348052
-116.618747025 15.4682119606 116.618747025 15.409905195
-116.498774938 15.9391040286 116.498774938 15.8812655254
-116.378044997 16.4701718645 116.378044997 16.4114791242
-116.257461622 16.9990951966 116.257461622 16.9397916255
-116.1360547 17.4703052023 116.1360547 17.4112367006
-116.014827977 17.9986192358 116.014827977 17.9389546725
-115.892808887 18.4687771541 115.892808887 18.4093422981
-115.770955094 18.9965474524 115.770955094 18.9365300373
-115.648335723 19.465742493 115.648335723 19.4059499495
-115.525871387 19.99302136 115.525871387 19.9326587058
-115.40266546 20.4613236693 115.40266546 20.4011814762
-115.27960618 20.9881570618 115.27960618 20.9274562832
-115.155825435 21.4556340643 115.155825435 21.3951496798
-115.032186589 21.9820599102 115.032186589 21.9210276839
-114.907841936 22.448773139 114.907841936 22.3879535052
-114.783638557 22.9748230395 114.783638557 22.9134656433
-114.658740137 23.44082903 114.658740137 23.3796806278
-114.53398688 23.9665293483 114.53398688 23.9048526973
-114.408545125 24.4318766477 114.408545125 24.370405561
-114.283255938 24.9572507187 114.283255938 24.8952603935
-114.157279641 25.4219878539 114.157279641 25.3601997927
-114.03146825 25.9470545579 114.03146825 25.884755842
-113.904967719 26.4112190235 113.904967719 26.3491193969
-113.778646811 26.935996803 113.778646811 26.8733946967
-113.651629827 27.399630566 113.651629827 27.3372244754
-113.524812053 27.9241336585 113.524812053 27.861232918
-113.397287181 28.3872713663 113.397287181 28.3245636632
-113.269984442 28.9115132098 113.269984442 28.8483183571
-113.141960823 29.374183564 113.141960823 29.3111788746
-113.014184194 29.8981774564 113.014184194 29.8346927962
-112.885669656 30.3604104105 112.885669656 30.2971131408
-112.757429889 30.8841677037 112.757429889 30.8203973486
-112.628432114 31.3459904636 112.628432114 31.2824048241
-112.499723035 31.8055361647 112.499723035 31.7424869468
-112.370266837 32.3309559625 112.370266837 32.2670859857
-112.24093958 32.790718787 112.24093958 32.7270822406
-112.111191434 33.3153378909 112.111191434 33.2511874396
-111.981344106 33.7749687292 111.981344106 33.7110264016
-111.851222777 34.2991652011 111.851222777 34.2347379792
-111.720878611 34.7586178234 111.720878611 34.6943867476
-111.590376271 35.2824675992 111.590376271 35.2177671631
-111.459552211 35.7417199919 111.459552211 35.6772081774
-111.328667824 36.2652690016 111.328667824 36.2002987686
-111.197377017 36.7243127261 111.197377017 36.6595256485
-111.066112564 37.2475924943 111.066112564 37.182355751
-110.934366203 37.7064252926 110.934366203 37.6413673924
-110.802725041 38.2294598234 110.802725041 38.163959734
-110.67053421 38.6880788257 110.67053421 38.622754014
-110.538520009 39.2108890444 110.538520009 39.1451286532
-110.40589251 39.6693019063 110.40589251 39.6037137013
-110.273510052 40.1919026058 110.273510052 40.1258848568
-110.140455446 40.6501096233 110.140455446 40.5842613302
-110.007709075 41.1725157993 110.007709075 41.1062435262
-109.874236072 41.6305193418 109.874236072 41.5644140672
-109.740935762 42.0869856477 109.740935762 42.0211003911
-109.607245214 42.6105534365 109.607245214 42.5441941256
-109.473446588 43.0671682563 109.473446588 43.0009951626
-109.339495829 43.5902244117 109.339495829 43.5236138821
-109.205247475 44.0468315318 109.205247475 43.9803966831
-109.070999934 44.5695461343 109.070999934 44.5026870852
-108.936323372 45.0260938977 108.936323372 44.9594045942
-108.801768311 45.5485345137 108.801768311 45.4814295434
-108.666679309 46.0049932191 108.666679309 45.9380538999
-108.531812426 46.5272012564 108.531812426 46.459852866
-108.396322061 46.9835579351 108.396322061 46.9163720203
-108.261142484 47.5055604316 108.261142484 47.4379710408
-108.125262095 47.9618012724 108.125262095 47.8943717327
-107.98955983 48.416605007 107.98955983 48.349383979
-107.853507434 48.9397430314 107.853507434 48.8720725532
-107.717326858 49.394796321 107.717326858 49.3273016002
-107.581067808 49.9173952127 107.581067808 49.8494863051
-107.44446401 50.3725146029 107.44446401 50.3047719839
-107.307951794 50.8947720747 107.307951794 50.826627116
-107.170950971 51.3498852209 107.170950971 51.2819014148
-107.034169673 51.8718808848 107.034169673 51.8035021399
-106.896786293 52.3269584107 106.896786293 52.258737273
-106.75972954 52.8487347348 106.75972954 52.7801243866
-106.62197664 53.3037529783 106.62197664 53.2352974962
-106.484380172 53.7574971066 106.484380172 53.689231986
-106.346528263 54.2802874622 106.346528263 54.2116001973
-106.20848355 54.73428928 106.20848355 54.6657691814
-106.070447546 55.2565780306 106.070447546 55.1876613154
-105.932007064 55.7106649249 105.932007064 55.6419077147
-105.793743128 56.2326321663 105.793743128 56.163488175
-105.654929814 56.6867418052 105.654929814 56.6177529346
-105.516422348 57.2084605717 105.516422348 57.1390913677
-105.377251155 57.6625598624 105.377251155 57.5933426914
-105.238265428 58.115337865 105.238265428 58.0463176052
-105.098974853 58.6381413732 105.098974853 58.5686985375
-104.95953464 59.091284829 104.95953464 59.0220066491
-104.820106253 59.6135016714 104.820106253 59.5438354633
-104.680280573 60.0667765665 104.680280573 59.9972666921
-104.540652172 60.5886501691 104.540652172 60.5187626776
-104.400467197 61.0419812275 104.400467197 60.9722455992
-104.260618593 61.5635979115 104.260618593 61.4934910961
-104.120090411 62.0169465361 104.120090411 61.9469885224
-103.97970864 62.4691659812 103.97970864 62.3993853308
-103.839153038 62.9916941776 103.839153038 62.9215163296
-103.698355971 63.4442100818 103.698355971 63.374190626
-103.557658657 63.9662417192 103.557658657 63.8958462177
-103.416498443 64.4188835438 103.416498443 64.3486398754
-103.275612877 64.9405989716 103.275612877 64.8699877886
-103.134111332 65.3933062124 103.134111332 65.322843042
-102.992844825 65.8446035297 102.992844825 65.7743557886
-102.851193945 66.3675100033 102.851193945 66.2968302817
-102.709457142 66.8193557233 102.709457142 66.7488365901
-102.567746975 67.3415201162 102.567746975 67.2706261491
-102.425641073 67.7935636743 102.425641073 67.7228212112
-102.283773689 68.3153516069 102.283773689 68.2442454033
-102.141331218 68.7674943308 102.141331218 68.6965351421
-101.999245501 69.217819803 101.999245501 69.1473110373
-101.856517398 69.7412103521 101.856517398 69.6700377754
-101.713859278 70.1925037619 101.713859278 70.1214923061
-101.571199607 70.7147372343 101.571199607 70.64335369
-101.428172711 71.1662740682 101.428172711 71.0950409614
-101.285379434 71.6880936374 101.285379434 71.6165011548
-101.142021932 72.1397549726 101.142021932 72.0683081215
-100.99901365 72.5896622139 100.99901365 72.5186236561
-100.855392833 73.1130211158 100.855392833 73.0413640627
-100.711827706 73.5638797744 100.711827706 73.4923815765
-100.568283086 74.0861040252 100.568283086 74.0142392157
-100.424358822 74.537215709 100.424358822 74.4654994421
-100.280693138 75.0590242379 100.280693138 74.9869536823
-100.136446972 75.5102731245 100.136446972 75.4383464421
-99.9924427174 75.960185235 99.9924427174 75.8884676665
-99.8480787338 76.4831220889 99.8480787338 76.4109884482
-99.7036192774 76.9336555216 99.7036192774 76.8616762547
-99.5592497067 77.4557988829 99.5592497067 77.3834606635
-99.4144487046 77.9065643918 99.4144487046 77.8343721407
-99.2699609089 78.4283205033 99.2699609089 78.3557796548
-99.1248519045 78.8792161315 99.1248519045 78.8068170968
-98.9799076788 79.3290719372 98.9799076788 79.2568440128
-98.8348152996 79.8516780549 98.8348152996 79.7790753437
-98.6894819473 80.3019573979 98.6894819473 80.2295041131
-98.5443365656 80.8239775504 98.5443365656 80.7511733968
-98.3986822261 81.2744560574 98.3986822261 81.2017950294
-98.2534162765 81.7961314537 98.2534162765 81.7231277146
-98.1074682281 82.2467293214 98.1074682281 82.1738651835
-97.961630544 82.6964968355 97.961630544 82.6237885589
-97.8158309918 83.2188266575 97.8158309918 83.1457621002
-97.6696505414 83.6688921014 97.6696505414 83.5959725215
-97.5237685054 84.1907727191 97.5237685054 84.1175097869
-97.3772870267 84.641005358 97.3772870267 84.5678827476
-97.2309797424 85.09020732 97.2309797424 85.0172557442
-97.0845198188 85.6129241472 97.0845198188 85.5396019716
-96.9378291376 86.0625875408 96.9378291376 85.9894129085
-96.7913441765 86.5846819371 96.7913441765 86.5111625069
-96.6443433423 87.0345657324 96.6443433423 86.9611874795
-96.4976683464 87.4829066844 96.4976683464 87.4098353015
-96.3504757028 88.0063213821 96.3504757028 87.9327442385
-96.2032903704 88.4555916683 96.2032903704 88.3821656753
-96.0562152269 88.977908039 96.0562152269 88.9041346815
-95.9087072983 89.4274622369 95.9087072983 89.3538310261
-95.7615587029 89.9493519008 95.7615587029 89.8753843385
-95.6137668306 90.3990712224 95.6137668306 90.3252416283
-95.4661029489 90.8479525899 95.4661029489 90.7742793426
-95.3184501093 91.3704983704 95.3184501093 91.296473535
-95.1704467264 91.8197416242 95.1704467264 91.7458599786
-95.0227513664 92.3417776509 95.0227513664 92.2675597504
-94.8744608624 92.7912167552 94.8744608624 92.7171370865
-94.7263326406 93.2397168768 94.7263326406 93.1658011279
-94.5781152587 93.7624956287 94.5781152587 93.6882216501
-94.429626179 94.211450131 94.429626179 94.1373203651
-94.281401219 94.7336212698 94.281401219 94.6591553391
-94.1326218873 95.1828013611 94.1326218873 95.1084738502
-93.9840405665 95.630935324 93.9840405665 95.5567825462
-93.8352740551 96.1539412698 93.8352740551 96.0794203714
-93.6863071187 96.6026330526 93.6863071187 96.528257219
-93.5375708212 97.1249227475 93.5375708212 97.0502110009
-93.3883112624 97.573866519 93.3883112624 97.4992932546
-93.2392822772 98.0216669162 93.2392822772 97.9472820916
-93.0899872787 98.544874654 93.0899872787 98.470108954
-92.9405500299 98.9933286448 92.9405500299 98.9187085545
-92.791321116 99.5157173865 92.791321116 99.4407619446
-92.6415899041 99.964445671 92.6415899041 99.8896286194
-92.4921161791 100.411952049 92.4921161791 100.337338179
-92.3423166984 100.935323557 92.3423166984 100.860315077
-92.1924130878 101.383574242 92.1924130878 101.308711418
-92.0427113824 101.906037299 92.0427113824 101.830840209
-91.8925162887 102.354571443 91.8925162887 102.279512466
-91.7425821442 102.801884892 91.7425821442 102.727030819
-91.5923180866 103.32532525 91.5923180866 103.250075936
-91.4419562462 103.773391928 91.4419562462 103.698287877
-91.291800009 104.295908772 91.291800009 104.220471996
-91.1411490023 104.74426791 91.1411490023 104.668968803
-90.9907432016 105.191472267 90.9907432016 105.116367026
-90.8400505533 105.714899718 90.8400505533 105.639411451
-90.6892328618 106.162818071 90.6892328618 106.087474101
-90.5386416531 106.685362166 90.5386416531 106.609687625
-90.3875414613 107.133567271 90.3875414613 107.058029768
-90.2366602202 107.580718268 90.2366602202 107.50535996
-90.085567411 108.104076221 90.085567411 108.028350828
-89.9342996519 108.551869368 89.9342996519 108.476286942
-89.7832908416 109.07442043 89.7832908416 108.998509983
-89.6317489095 109.522488819 89.6317489095 109.446714638
-89.4803956319 109.96961562 89.4803956319 109.894008247
-89.3289223014 110.492876515 89.3289223014 110.416915787
-89.177212018 110.940560479 89.177212018 110.864741192
-89.0258010907 111.463103303 89.0258010907 111.386958759
-88.8738245915 111.911051659 88.8738245915 111.835042511
-88.7220047866 112.358174309 88.7220047866 112.282322499
-88.5701663332 112.881323497 88.5701663332 112.805129198
-88.4180188239 113.32891949 88.4180188239 113.252864958
-88.2662210831 113.851437928 88.2662210831 113.775061075
-88.1138175962 114.299280082 88.1138175962 114.223037671
-87.9615438079 114.746394295 87.9615438079 114.670302568
-87.8093499425 115.269435103 87.8093499425 115.193008965
-87.6567735192 115.716953786 87.6567735192 115.640665761
-87.5046017096 116.239439067 87.5046017096 116.162831647
-87.3517795781 116.687185499 87.3517795781 116.610711531
-87.1990636954 117.134288359 87.1990636954 117.057960207
-87.0465230484 117.657226025 87.0465230484 117.580569759
-86.893524895 118.104680182 86.893524895 118.028160433
-86.7407807247 118.551011943 86.7407807247 118.474686144
-86.5877575336 119.074787567 86.5877575336 118.998083745
-86.4346098401 119.521880177 86.4346098401 119.445318413
-86.2817312208 120.04471757 86.2817312208 119.967832875
-86.1283203042 120.492113349 86.1283203042 120.415363661
-85.9750814066 120.938667815 85.9750814066 120.862077619
-85.8217985448 121.462099879 85.8217985448 121.385167897
-85.6682304249 121.909179219 85.6682304249 121.832386354
-85.5150212395 122.431922456 85.5150212395 122.354811003
-85.3612074346 122.879262494 85.3612074346 122.802284638
-85.2075175517 123.325925035 85.2075175517 123.249095493
-85.053948808 123.84913428 85.053948808 123.771975816
-84.8999710045 124.296198654 84.8999710045 124.219176924
-84.7463139311 124.741941726 84.7463139311 124.665176992
-84.5922291039 125.266146448 84.5922291039 125.188942169
-84.4381134785 125.712865889 84.4381134785 125.635804038
-84.2842521005 126.235904547 84.2842521005 126.158521258
-84.1298760125 126.682949757 84.1298760125 126.605701222
-83.9756772508 127.129158766 83.9756772508 127.0520702
-83.8214310938 127.652770732 83.8214310938 127.57534175
-83.6669059176 128.099525517 83.6669059176 128.022235136
-83.5127515837 128.62242229 83.5127515837 128.544815821
-83.357986863 129.069448665 83.357986863 128.991975241
-83.2033420119 129.515831304 83.2033420119 129.438504375
-83.0488539147 130.039151695 83.0488539147 129.961499698
-82.8939328019 130.485928237 82.8939328019 130.408412061
-82.7392561449 130.931661386 82.7392561449 130.854331423
-82.5843436489 131.455710098 82.5843436489 131.378013612
-82.4292842574 131.902191811 82.4292842574 131.824635681
-82.2745373461 132.425302962 82.2745373461 132.347429614
-82.1192333782 132.872089305 82.1192333782 132.794349601
-81.9640736402 133.318166498 81.9640736402 133.240577825
-81.8089879918 133.841740401 81.8089879918 133.763822602
-81.6535360036 134.28827966 81.6535360036 134.210498527
-81.4984596887 134.733351022 81.4984596887 134.655938884
-81.3428480621 135.258017628 81.3428480621 135.180056405
-81.1872684753 135.704256955 81.1872684753 135.626437556
-81.0319581458 136.227552607 81.0319581458 136.149415193
-80.8761291498 136.674128057 80.8761291498 136.596124683
-80.7204629481 137.119946493 80.7204629481 137.042098168
-80.5648134977 137.643728388 80.5648134977 137.565547495
-80.40884285 138.090064077 80.40884285 138.012020351
-80.2532920436 138.613156237 80.2532920436 138.534800855
-80.0970977931 139.059758077 80.0970977931 138.981534691
-79.9410072252 139.505796624 79.9410072252 139.427715832
-79.7851655105 140.029234993 79.7851655105 139.950836178
-79.6288227283 140.475633666 79.6288227283 140.397369001
-79.4726516126 140.921258376 79.4726516126 140.84315038
-79.3164784638 141.445179407 79.3164784638 141.366737968
-79.1600007545 141.891343592 79.1600007545 141.813039374
-79.0039404203 142.414546102 79.0039404203 142.335931039
-78.8472410944 142.860985428 78.8472410944 142.782502283
-78.690645569 143.30687128 78.690645569 143.228530543
-78.5343054572 143.830405099 78.5343054572 143.751747409
-78.3774622429 144.276651836 78.3774622429 144.198128107
-78.2207849914 144.722153468 78.2207849914 144.643784775
-78.0641291095 145.246139892 78.0641291095 145.167440322
-77.9071541784 145.692166726 77.9071541784 145.613603966
-77.7506126773 146.215445479 77.7506126773 146.136573236
-77.5934206566 146.661747986 77.5934206566 146.583007374
-77.436328501 147.107518966 77.436328501 147.028919743
-77.2795207873 147.631105929 77.2795207873 147.552191776
-77.1221892298 148.077226308 77.1221892298 147.998445659
-76.9650079981 148.522661165 76.9650079981 148.444031734
-76.8079059559 149.04665158 76.8079059559 148.9676962
-76.650442884 149.492574366 76.650442884 149.413754991
-76.4932691022 149.937366605 76.4932691022 149.85875926
-76.3357762266 150.462082038 76.3357762266 150.38308618
-76.1781956391 150.907773244 76.1781956391 150.828917182
-76.0209485861 151.431376847 76.0209485861 151.352208562
-75.8631390189 151.877398554 75.8631390189 151.798363094
-75.7054602572 152.322805661 75.7054602572 152.243916956
-75.5479426784 152.846755706 75.5479426784 152.767546776
-75.3900034136 153.29259641 75.3900034136 153.213522426
-75.2322754846 153.73757032 75.2322754846 153.658664653
-75.0744386839 154.2620295 75.0744386839 154.182780584
-74.9163794587 154.707667947 74.9163794587 154.628556954
-74.7587183708 155.231258695 74.7587183708 155.151838554
-74.6004435071 155.677199884 74.6004435071 155.597911729
-74.4422787691 156.122599418 74.4422787691 156.043453978
-74.2843692763 156.646485034 74.2843692763 156.567024768
-74.1259645252 157.092266528 74.1259645252 157.012940009
-73.9677200704 157.53735337 73.9677200704 157.458179668
-73.8095368617 158.061619536 73.8095368617 157.982119731
-73.6510109921 158.507223107 73.6510109921 158.427859343
-73.4927684605 158.951739923 73.4927684605 158.872582667
-73.3342295493 159.476658848 73.3342295493 159.397120135
-73.175592347 159.92206239 73.175592347 159.842663009
-73.0173102693 160.445870626 73.0173102693 160.366161213
-72.8584535486 160.891605324 72.8584535486 160.812028416
-72.6997199852 161.336769807 72.6997199852 161.257337713
-72.5411956841 161.8608762 72.5411956841 161.781127661
-72.3822168487 162.306455659 72.3822168487 162.2268414
-72.2234170182 162.751293141 72.2234170182 162.671836304
-72.0646213096 163.275795963 72.0646213096 163.19600884
-71.90552573 163.721211262 71.90552573 163.641560718
-71.746773156 164.165358071 71.746773156 164.085983694
-71.5875919538 164.690635159 71.5875919538 164.610810042
-71.4283916582 165.135857278 71.4283916582 165.056172036
-71.2695343617 165.659824403 71.2695343617 165.579829281
-71.1101152531 166.10539119 71.1101152531 166.025528733
-70.950822257 166.550389544 70.950822257 166.470672312
-70.791734275 167.0746403 70.791734275 166.99460693
-70.6321975396 167.520064165 70.6321975396 167.440165125
-70.4728383029 167.964762145 70.4728383029 167.88501997
-70.3134944002 168.489381727 70.3134944002 168.409310599
-70.1538457454 168.934652517 70.1538457454 168.854717836
-69.9945049374 169.378782328 69.9945049374 169.299074209
-69.8348209024 169.904049318 69.8348209024 169.823940954
-69.6750690778 170.349147502 69.6750690778 170.2691785
-69.5156826423 170.873209743 69.5156826423 170.792932277
-69.3557195894 171.318644552 69.3557195894 171.23849953
-69.1958752333 171.763543894 69.1958752333 171.683542687
-69.0362737617 172.287861603 69.0362737617 172.207546651
-68.8761956911 172.733169849 68.8761956911 172.652988815
-68.716278447 173.177815352 68.716278447 173.097786541
-68.5564442514 173.702449106 68.5564442514 173.622097105
-68.3962568968 174.147620476 68.3962568968 174.067404198
-68.2363068163 174.591890059 68.2363068163 174.511851135
-68.0761994976 175.116974199 68.0761994976 175.036585612
-67.9159099314 175.561993966 67.9159099314 175.481743442
-67.7560363346 176.086096629 67.7560363346 176.005540033
-67.5955461078 176.531435142 67.5955461078 176.451010456
-67.4351615792 176.97628742 67.4351615792 176.896004068
-67.2750909442 177.500609382 67.2750909442 177.420015982
-67.1144895894 177.94583288 67.1144895894 177.865372632
-66.9540224011 178.390485934 66.9540224011 178.310172229
-66.7937442797 178.915064342 66.7937442797 178.834434525
-66.6330351074 179.3601692 66.6330351074 179.279673994
-66.4725063436 179.80456275 66.4725063436 179.724224517
-66.3120014088 180.329463391 66.3120014088 180.248797556
-66.1511895562 180.774440572 66.1511895562 180.693911129
-65.9906474588 181.218425306 65.9906474588 181.138090214
-65.8298670843 181.743809157 65.8298670843 181.663107727
-65.6689588725 182.188645723 65.6689588725 182.108082964
-65.5084547374 182.712932775 65.5084547374 182.632064005
-65.3473473557 183.158100387 65.3473473557 183.0773638
-65.1863488824 183.602783525 65.1863488824 183.522188723
-65.0256600762 184.127274904 65.0256600762 184.04637031
-64.8644459307 184.572341957 64.8644459307 184.491570687
-64.703367895 185.016844485 64.703367895 184.936219755
-64.5424861507 185.541570245 64.5424861507 185.460630177
-64.3811703504 185.986527846 64.3811703504 185.905722419
-64.2200264411 186.430812399 64.2200264411 186.350162014
-64.0589381708 186.9558196 64.0589381708 186.874844421
-63.897523815 187.400664111 63.897523815 187.319825123
-63.7363501991 187.844621405 63.7363501991 187.763960898
-63.5750219364 188.370021611 63.5750219364 188.289011684
-63.4135136739 188.814744912 63.4135136739 188.733873096
-63.2524405596 189.339134712 63.2524405596 189.257958424
-63.0907413294 189.784180316 63.0907413294 189.70313603
-62.9291435056 190.228774641 62.9291435056 190.147870911
-62.767901859 190.753341141 62.767901859 190.672129923
-62.6061010405 191.198296883 62.6061010405 191.117218639
-62.4444225579 191.642740848 62.4444225579 191.561806602
-62.2830067523 192.167505701 62.2830067523 192.086259863
-62.1211072279 192.612368769 62.1211072279 192.531257003
-61.9593560793 193.056642799 61.9593560793 192.975680257
-61.7977588944 193.581632602 61.7977588944 193.500352472
-61.6357640692 194.026398426 61.6357640692 193.94525361
-61.4739556457 194.470459598 61.4739556457 194.389473573
-61.3121633863 194.995721789 61.3121633863 194.914407698
-61.1500754373 195.440389108 61.1500754373 195.359211769
-60.9882422742 195.884138962 60.9882422742 195.803146528
-60.8262242734 196.409775815 60.8262242734 196.3284281
-60.6640470892 196.854338386 60.6640470892 196.773129141
-60.502308665 197.378909432 60.502308665 197.297396178
-60.3399464524 197.823794932 60.3399464524 197.74241394
-60.177686057 198.26824017 60.177686057 198.18699982
-60.0157930885 198.792970428 60.0157930885 198.71142339
-59.8533342728 199.237781025 59.8533342728 199.15636712
-59.6909946859 199.682101608 59.6909946859 199.600831152
-59.5289446882 200.207002582 59.5289446882 200.125422071
-59.3663930781 200.651732595 59.3663930781 200.570286154
-59.2039808897 201.095913492 59.2039808897 201.014614451
-59.0417691203 201.621003952 59.0417691203 201.539390272
-58.8791259492 202.065654727 58.8791259492 201.984176152
-58.7166509456 202.509670592 58.7166509456 202.428345576
-58.5542700404 203.03497767 58.5542700404 202.953331133
-58.3915393179 203.479542779 58.3915393179 203.398032512
-58.2290163524 203.923351957 58.2290163524 203.842006791
-58.0664527982 204.44892256 58.0664527982 204.367243482
-57.9036359154 204.893402761 57.9036359154 204.811861275
-57.741098511 205.336903255 57.741098511 205.25556058
-57.5783208865 205.862842077 57.5783208865 205.781130786
-57.415422403 206.307229102 57.415422403 206.225656959
-57.2529599221 206.83201442 57.2529599221 206.750138498
-57.0898795886 207.276735091 57.0898795886 207.194991923
-56.9269013004 207.721028348 56.9269013004 207.63942617
-56.7643010709 208.245949811 56.7643010709 208.164041609
-56.6011322991 208.690605232 56.6011322991 208.608830536
-56.4380797739 209.134793171 56.4380797739 209.053161786
-56.2753397148 209.659861252 56.2753397148 209.577921074
-56.1120830396 210.104454699 56.1120830396 210.022648838
-55.9489593599 210.548532579 55.9489593599 210.466872964
-55.7860780655 211.073755479 55.7860780655 210.991783653
-55.6227368797 211.518282257 55.6227368797 211.436445605
-55.4595495006 211.962232463 55.4595495006 211.8805462
-55.2965226094 212.487627989 55.2965226094 212.405624835
-55.1330986864 212.932087982 55.1330986864 212.85022094
-54.9698529942 213.37589844 54.9698529942 213.294187818
-54.8066761249 213.90148433 54.8066761249 213.81945019
-54.6431730718 214.34587214 54.6431730718 214.263975143
-54.4798826967 214.789505441 54.4798826967 214.7077756
-54.3165449891 215.3153204 54.3165449891 215.233255618
-54.1529633108 215.759639375 54.1529633108 215.677712875
-53.989646923 216.203040833 53.989646923 216.121305567
-53.8261310101 216.729144301 53.8261310101 216.647049245
-53.662473185 217.17339207 53.662473185 217.091436556
-53.4992331556 217.61623807 53.4992331556 217.534731044
-53.3354399965 218.142953226 53.3354399965 218.060828266
-53.1717081351 218.587128628 53.1717081351 218.505144642
-53.0083879072 219.112219798 53.0083879072 219.029931352
-52.8444758678 219.556749917 52.8444758678 219.474595444
-52.6806740697 220.000846051 52.6806740697 219.918834237
-52.5172346073 220.526053944 52.5172346073 220.443735714
-52.3532436412 220.970534361 52.3532436412 220.888350784
-52.1893746453 221.414548131 52.1893746453 221.332509208
-52.025815773 221.939877572 52.025815773 221.857529954
-51.8617486389 222.384305716 51.8617486389 222.302093466
-51.6978133074 222.828239517 51.6978133074 222.746174259
-51.5341353462 223.353693764 51.5341353462 223.27131718
-51.3699925019 223.798073236 51.3699925019 223.715832761
-51.2059965027 224.2419153 51.2059965027 224.159824792
-51.0421980888 224.767503154 51.0421980888 224.685098032
-50.8779823054 225.21183146 50.8779823054 225.129563239
-50.7139316033 225.655569162 50.7139316033 225.573454926
-50.5500100688 226.181303726 50.5500100688 226.098870515
-50.3857213237 226.625586153 50.3857213237 226.543290683
-50.2216191613 227.069214521 50.2216191613 226.987078372
-50.0575733084 227.595104136 50.0575733084 227.512643324
-49.8932148 228.039336994 49.8932148 227.957014808
-49.7290704668 228.48283295 49.7290704668 228.400678419
-49.5648946064 229.008900597 49.5648946064 228.926412682
-49.4004691618 229.453081497 49.4004691618 229.370733172
-49.2362894502 229.896429014 49.2362894502 229.814262088
-49.0719777594 230.422698029 49.0719777594 230.340183551
-48.9074857732 230.86683124 48.9074857732 230.784457361
-48.7432998418 231.309944212 48.7432998418 231.227789301
-48.5788290537 231.836494394 48.5788290537 231.753953908
-48.4142733219 232.280577886 48.4142733219 232.198179115
-48.2501732506 232.805868373 48.2501732506 232.723167151
-48.0854522384 233.250295601 48.0854522384 233.167729711
-47.9208346809 233.694329681 47.9208346809 233.6119067
-47.7566405566 234.219706808 47.7566405566 234.136980187
-47.5918535137 234.664100825 47.5918535137 234.581510163
-47.4271756781 235.108087166 47.4271756781 235.025640712
-47.2628890195 235.633551642 47.2628890195 235.550800275
-47.0980374335 236.077914422 47.0980374335 235.995299662
-46.9333028437 236.521849188 46.9333028437 236.439380088
-46.768924638 237.047403646 46.768924638 236.964628219
-46.6040098805 237.491737734 46.6040098805 237.409099596
-46.4392204525 237.935621832 46.4392204525 237.853130944
-46.2747523233 238.461267057 46.2747523233 238.37846831
-46.1097771983 238.905571292 46.1097771983 238.822910538
-45.9449346389 239.349406538 45.9449346389 239.266894793
-45.7803782066 239.875143562 45.7803782066 239.792322284
-45.6153442999 240.319420288 45.6153442999 240.236737735
-45.4504526152 240.763202019 45.4504526152 240.680670502
-45.2858087924 241.289034427 45.2858087924 241.206191451
-45.1207175806 241.733286609 45.1207175806 241.650583128
-44.9557790004 242.177015521 44.9557790004 242.094465352
-44.791049515 242.702944524 44.791049515 242.62008075
-44.6259040104 243.147171169 44.6259040104 243.06444769
-44.460922746 243.59084255 44.460922746 243.508275102
-44.296108203 244.116873302 44.296108203 244.033989684
-44.1309112672 244.561074233 44.1309112672 244.478331758
-43.9658895103 245.004689577 43.9658895103 244.922106283
-43.8009913996 245.530824683 43.8009913996 245.447922249
-43.6357434378 245.975006649 43.6357434378 245.892246237
-43.4706868949 246.418557177 43.4706868949 246.335959872
-43.3057056721 246.944802933 43.3057056721 246.861882779
-43.140411199 247.388961875 43.140411199 247.30618468
-42.9753223874 247.832448842 42.9753223874 247.749839527
-42.8102591637 248.358809787 42.8102591637 248.275873093
-42.6449186493 248.802953076 42.6449186493 248.720160309
-42.4798016292 249.246373246 42.4798016292 249.16375429
-42.3146578644 249.772853172 42.3146578644 249.689901203
-42.1492763333 250.21697602 42.1492763333 250.134169007
-41.9841377302 250.660319049 41.9841377302 250.577694157
-41.8189121071 251.186931158 41.8189121071 251.103965264
-41.6534914407 251.631038045 41.6534914407 251.548218193
-41.4883406874 252.07428512 41.4883406874 251.991660319
-41.3230302201 252.601048435 41.3230302201 252.518070064
-41.1575724423 253.045143939 41.1575724423 252.962312752
-40.9924185671 253.488277554 40.9924185671 253.405663369
-40.8270199259 254.015212602 40.8270199259 253.932223316
-40.661528955 254.459296491 40.661528955 254.376455595
-40.4963952786 254.902254505 40.4963952786 254.819691394
-40.330891833 255.42942512 40.330891833 255.34642659
-40.165371471 255.873498182 40.165371471 255.790649332
-40.000317073 256.399254665 40.000317073 256.316105268
-39.8346553605 256.843692519 39.8346553605 256.760686543
-39.6691082359 257.287759351 39.6691082359 257.204904403
-39.5040102008 257.813577886 39.5040102008 257.73042191
-39.3383223327 258.258016364 39.3383223327 258.175004865
-39.1727523649 258.702078837 39.1727523649 258.619219818
-39.0076140847 259.22796085 39.0076140847 259.144800296
-38.8419028972 259.672405163 38.8419028972 259.589390218
-38.676314649 260.116463918 38.676314649 260.033603004
-38.5111398561 260.642410469 38.5111398561 260.559247494
-38.3454084371 261.086865884 38.3454084371 261.00384972
-38.1798067767 261.530921467 38.1798067767 261.448060997
-38.0145994414 262.056933639 38.0145994414 261.973770559
-37.8488535332 262.50139919 37.8488535332 262.418384199
-37.6832412602 262.945459072 37.6832412602 262.862601528
-37.5180060377 263.471536594 37.5180060377 263.388375903
-37.3522492504 263.916017809 37.3522492504 263.833006563
-37.1866317252 264.360082948 37.1866317252 264.277231029
-37.0213731164 264.886226961 37.0213731164 264.803071335
-36.8556104904 265.33072653 36.8556104904 265.247721792
-36.6899930604 265.774799034 36.6899930604 265.691955652
-36.5247156984 266.301011242 36.5247156984 266.217863553
-36.3589524888 266.74553233 36.3589524888 266.662537071
-36.1933407784 267.189614619 36.1933407784 267.106782909
-36.028049539 267.715897003 36.028049539 267.632760338
-35.8622912833 268.160443121 35.8622912833 268.077460533
-35.6966931681 268.604532339 35.6966931681 268.521715762
-35.5313923325 269.130889948 35.5313923325 269.04776762
-35.3656459596 269.575462165 35.3656459596 269.492495686
-35.2000654409 270.019567967 35.2000654409 269.936770109
-35.0347610777 270.546001291 35.0347610777 270.462896875
-34.8690315997 270.990606938 34.8690315997 270.907660259
-34.7034757782 271.43473119 34.7034757782 271.351955975
-34.538173794 271.961242553 34.538173794 271.878159885
-34.3724678644 272.40588592 34.3724678644 272.322963008
-34.2069439716 272.850031674 34.2069439716 272.767283339
-34.0416505045 273.376624057 34.0416505045 273.293567258
-33.875976456 273.821306396 33.875976456 273.738411517
-33.7104939945 274.265471794 33.7104939945 274.182755069
-33.545214253 274.7921527 33.545214253 274.709126192
-33.379579245 275.236880152 33.379579245 275.154017896
-33.2141464468 275.681068628 33.2141464468 275.598388527
-33.0488869858 276.207842824 33.0488869858 276.124851368
-32.8832988668 276.652621262 32.8832988668 276.569796559
-32.7179247066 277.096835869 32.7179247066 277.014197836
-32.5526924712 277.623708583 32.5526924712 277.540757296
-32.3871596349 278.068544207 32.3871596349 277.985762354
-32.2218564092 278.512780118 32.2218564092 278.430190359
-32.0566572155 279.039762086 32.0566572155 278.95685646
-31.8911897752 279.484658472 31.8911897752 279.401925174
-31.7259706546 279.928910348 31.7259706546 279.846375919
-31.5608098375 280.456015854 31.5608098375 280.37316179
-31.3954184152 280.900977336 31.3954184152 280.818298733
-31.2302953451 281.345245633 31.2302953451 281.262774369
-31.0651793706 281.872487396 31.0651793706 281.789691244
-30.8998740294 282.317522015 30.8998740294 282.234904692
-30.7348612801 282.761802406 30.7348612801 282.67940368
-30.5697962636 283.289196499 30.5697962636 283.206465081
-30.4045908067 283.73430435 30.4045908067 283.651755417
-30.2397129246 284.178563532 30.2397129246 284.096252719
-30.0746971411 284.706153814 30.0746971411 284.62349445
-29.9096026058 285.151345506 29.9096026058 285.06887259
-29.7448885629 285.595537806 29.7448885629 285.513347238
-29.5799157948 286.123385022 29.5799157948 286.040805588
-29.4149461012 286.568665732 29.4149461012 286.486277045
-29.2504951533 287.095201529 29.2504951533 287.012524241
-29.0854924382 287.540906369 29.0854924382 287.458415317
-28.920661928 287.9862833 28.920661928 287.90398769
-28.7563259502 288.512922517 28.7563259502 288.430338341
-28.5914677775 288.958741705 28.5914677775 288.876348123
-28.4267920171 289.404221756 28.4267920171 289.322028752
-28.262583663 289.93097273 28.262583663 289.848491093
-28.0978854777 290.376915907 28.0978854777 290.294629556
-27.9333829251 290.822501194 27.9333829251 290.740421114
-27.7693148525 291.349375622 27.7693148525 291.267006639
-27.6047929354 291.795453775 27.6047929354 291.713285143
-27.440481708 292.241151026 27.440481708 292.159194986
-27.2765677499 292.768160365 27.2765677499 292.685914908
-27.1122421175 293.214378072 27.1122421175 293.132338427
-26.9481431845 293.660189911 26.9481431845 293.57837005
-26.7843966152 294.187351269 26.7843966152 294.105241002
-26.6202857388 294.633721385 26.6202857388 294.551822839
-26.4564248458 295.079640377 26.4564248458 294.997970116
-26.2928580364 295.606977877 26.2928580364 295.525015321
-26.128982816 296.053511003 26.128982816 295.971766577
-25.9653844546 296.499537604 25.9653844546 296.418031767
-25.8020106759 297.027076703 25.8020106759 296.945275315
-25.638393807 297.473782907 25.638393807 297.392206599
-25.475089381 297.919901274 25.475089381 297.838577368
-25.3119186469 298.447682571 25.3119186469 298.366056793
-25.1485857182 298.894568805 25.1485857182 298.813175684
-24.9856194849 299.340727776 24.9856194849 299.25961081
-24.8226518387 299.868829174 24.8226518387 299.787394501
-24.6596286386 300.315907089 24.6596286386 300.234713388
-24.4970980939 300.761887969 24.4970980939 300.681091127
-24.334283174 301.290557028 24.334283174 301.209330102
-24.1715991707 301.737833365 24.1715991707 301.656856628
-24.0094659681 302.265116016 24.0094659681 302.183867037
-23.8468910771 302.712907862 23.8468910771 302.631906553
-23.6845802119 303.160382225 23.6845802119 303.079641552
-23.5227557331 303.687882699 23.5227557331 303.606869239
-23.3605596153 304.13592528 23.3605596153 304.055168784
-23.1986582541 304.583595976 23.1986582541 304.503112347
-23.0371619788 305.111350352 23.0371619788 305.030592243
-22.8753784288 305.559655479 22.8753784288 305.479164433
-22.7139312237 306.007502054 22.7139312237 305.927299481
-22.5527781866 306.535567383 22.5527781866 306.455085892
-22.3914434435 306.984146803 22.3914434435 306.903943425
-22.2305104187 307.432106528 22.2305104187 307.352216797
-22.0697032017 307.960587494 22.0697032017 307.880405438
-21.9088566951 308.409450935 21.9088566951 308.32955921
-21.7486007228 308.857129857 21.7486007228 308.777767689
-21.5880419033 309.386468782 21.5880419033 309.306610644
-21.4277288873 309.835616384 21.4277288873 309.756062408
-21.2679891085 310.363512171 21.2679891085 310.283700898
-21.1079088427 310.813264955 21.1079088427 310.733757022
-20.9481809621 311.262685258 20.9481809621 311.183497999
-20.7889138955 311.790927031 20.7889138955 311.711480385
-20.6294236226 312.241039357 20.6294236226 312.161909912
-20.4703492794 312.690675992 20.4703492794 312.611890371
-20.3115656367 313.2193711 20.3115656367 313.140318137
-20.1527161267 313.669850912 20.1527161267 313.591130501
-19.9944313511 314.119432128 19.9944313511 314.041137043
-19.8360767233 314.648913928 19.8360767233 314.570285809
-19.6779251952 315.099758584 19.6779251952 315.021480546
-19.5203949352 315.628118351 19.5203949352 315.549597277
-19.3625886129 316.079626163 19.3625886129 316.001456354
-19.2052077607 316.530793904 19.2052077607 316.452996179
-19.0482883886 317.059619344 19.0482883886 316.981574834
-18.8912543775 317.511573552 18.8912543775 317.433898147
-18.7347593894 317.962891292 18.7347593894 317.885631023
-18.5784314291 318.492426301 18.5784314291 318.414895245
-18.4222362903 318.944823837 18.4222362903 318.867682194
-18.266733867 319.47353081 18.266733867 319.396159936
-18.1109868386 319.926626644 18.1109868386 319.849648655
-17.9557189819 320.379405124 17.9557189819 320.302842362
-17.8009531024 320.908666199 17.8009531024 320.83186999
-17.6461358626 321.362285174 17.6461358626 321.285903039
-17.491961973 321.815127006 17.491961973 321.739232454
-17.3378741697 322.3453497 17.3378741697 322.269171755
-17.1840703005 322.799465741 17.1840703005 322.7237267
-17.0309424628 323.328763022 17.0309424628 323.252807068
-16.8776898802 323.783666677 16.8776898802 323.708153899
-16.7250274954 324.238116312 16.7250274954 324.163081078
-16.5727432134 324.768197533 16.5727432134 324.692931925
-16.4206104531 325.223683024 16.4206104531 325.148886679
-16.2692594072 325.753173163 16.2692594072 325.678173187
-16.1177685117 326.20944834 16.1177685117 326.134924608
-15.9668846427 326.665371039 15.9668846427 326.591353112
-15.8164979294 327.195651046 15.8164979294 327.121420857
-15.666249319 327.652576366 15.666249319 327.578850713
-15.5168394837 328.182386342 15.5168394837 328.108469262
-15.367321771 328.640131155 15.367321771 328.566727387
-15.2184583918 329.097535349 15.2184583918 329.024676263
-15.0701195341 329.628221903 15.0701195341 329.555161924
-14.9219830253 330.086666551 14.9219830253 330.014151261
-14.7746945447 330.616926384 14.7746945447 330.544231138
-14.6273766994 331.076247071 14.6273766995 331.004106469
-14.4808065237 331.535091578 14.4808065237 331.463549462
-14.3346669039 332.066449744 14.3346669039 331.994707327
-14.1888898671 332.52648479 14.1888898671 332.455333098
-14.0439105788 333.057353542 14.0439105788 332.98603187
-13.8990383681 333.518349382 13.8990383681 333.447628536
-13.7551731145 334.049015857 13.7551731145 333.978137519
-13.6112704462 334.51091104 13.6112704462 334.440646986
-13.4681415686 334.972516549 13.4681415686 334.902900703
-13.3256446831 335.504260266 13.3256446831 335.434477465
-13.1834919926 335.966986817 13.1834919926 335.897857653
-13.0422304574 336.498456789 13.0422304574 336.429179608
-12.9011369244 336.962183236 12.9011369244 336.893573024
-12.761102205 337.493549212 12.761102205 337.424802293
-12.6211260894 337.958244111 12.6211260894 337.890179944
-12.4820539923 338.422483641 12.4820539923 338.355150761
-12.3435309359 338.955235915 12.3435309359 338.887744212
-12.2055682427 339.420740998 12.2055682427 339.35397986
-12.0684257647 339.953219353 12.0684257647 339.886326625
-11.9316656089 340.419833106 11.9316656089 340.353684551
-11.7958901051 340.952241048 11.7958901051 340.88597414
-11.6603957801 341.419918379 11.6603957801 341.354412717
-11.5260046907 341.952346707 11.5260046907 341.886732896
-11.391831604 342.421072074 11.391831604 342.356238262
-11.2588519552 342.95357867 11.2588519552 342.888645701
-11.1260501755 343.423355752 11.1260501755 343.359222627
-10.9943671825 343.892356433 10.9943671825 343.829121265
-10.8631331005 344.426815879 10.8631331005 344.363412523
-10.7328078197 344.89721322 10.7328078197 344.834682157
-10.6031613105 345.431501479 10.6031613105 345.36885732
-10.4742913043 345.903109872 10.4742913043 345.841350223
-10.3462178015 346.437453236 10.3462178015 346.375598095
-10.2188686152 346.910212341 10.2188686152 346.849260556
-10.0923854265 347.44471043 10.0923854265 347.383674533
-9.96661211769 347.918598075 9.96661211769 347.858487235
-9.84174510464 348.453315964 9.84174510464 348.393129928
-9.71760407996 348.92830056 9.71760407996 348.869063663
-9.59437905929 349.463303309 9.59437905929 349.403998129
-9.47192409928 349.939358246 9.47192409928 349.881028759
-9.35036659062 350.474710733 9.35036659062 350.416317762
-9.22965628475 350.95178225 9.22965628475 350.894396055
-9.1097860458 351.487572364 9.1097860458 351.430123289
-8.99089952769 351.965507074 8.99089952769 351.909114117
-8.87271508513 352.501915654 8.87271508513 352.445442487
-8.75576984355 353.036869854 8.75576984355 352.980371402
-8.63922878455 353.517766963 8.63922878455 353.462302058
-8.5240722633 354.053120312 8.5240722633 353.997636177
-8.40940267507 354.535137314 8.40940267507 354.480713473
-8.29605986112 355.070936992 8.29605986112 355.016499285
-8.18330997556 355.554030937 8.18330997556 355.500681768
-8.07179985487 356.090343908 8.07179985487 356.036984903
-7.96103094007 356.574400427 7.96103094007 356.522162212
-7.85135834469 357.111352342 7.85135834469 357.059104479
-7.74269213091 357.595947069 7.74269213091 357.54488898
-7.63479941135 358.133961955 7.63479941135 358.082857966
-7.52819944499 358.670529178 7.52819944499 358.619437385
-7.42218924065 359.158139209 7.42218924065 359.10821268
-7.31750704336 359.695302743 7.31750704336 359.645391653
-7.21360510471 360.183766849 7.21360510471 360.135055683
-7.11082454362 360.721721 7.11082454362 360.673022733
-7.0092315192 361.258800698 7.0092315192 361.210131733
-6.90820770047 361.749735293 6.90820770047 361.702282616
-6.80858270432 362.287440921 6.80858270432 362.240020549
-6.70972895576 362.779177892 6.70972895576 362.733007869
-6.61204473737 363.317730516 6.61204473737 363.271590098
-6.51554476182 363.85547826 6.51554476182 363.80938143
-6.41966837154 364.349568069 6.41966837154 364.304740088
-6.32515901687 364.888024324 6.32515901687 364.843241472
-6.23155177909 365.382549295 6.23155177909 365.339080855
-6.13895827893 365.922164557 6.13895827893 365.878726396
-6.0475988527 366.46072889 6.0475988527 366.417345667
-5.9570059532 366.957634067 5.9570059532 366.915575928
-5.86761555994 367.497131261 5.86761555994 367.455124432
-5.77939510791 368.035897861 5.77939510791 367.993953714
-5.69188260772 368.534892872 5.69188260772 368.494294673
-5.60564722262 369.074531059 5.60564722262 369.033993805
-5.52055332866 369.613557708 5.52055332866 369.573089554
-5.43614640157 370.11449775 5.43614640157 370.075398058
-5.35303651195 370.654389449 5.35303651195 370.615357205
-5.27105083062 371.193717341 5.27105083062 371.154759533
-5.1897600011 371.69646151 5.1897600011 371.65889521
-5.1097425431 372.236692944 5.1097425431 372.199198481
-5.03083841397 372.776358685 5.03083841397 372.738942946
-4.95266579925 373.280734489 4.95266579925 373.244734166
-4.8756977761 373.821402965 4.8756977761 373.785476457
-4.79983908381 374.361444887 4.79983908381 374.325600251
-4.72479352531 374.867146902 4.72479352531 374.832746312
-4.6508106092 375.40844247 4.6508106092 375.37411171
-4.57795021626 375.948912916 4.57795021626 375.914665746
-4.50613485538 376.488998197 4.50613485538 376.454838988
-4.4349709837 376.997662637 4.4349709837 376.964953876
-4.36504685543 377.538661435 4.36504685543 377.50603563
-4.29616469842 378.079175008 4.29616469842 378.046638239
-4.22807342642 378.588670027 4.22807342642 378.557614898
-4.16098701545 379.130522388 4.16098701545 379.099540292
-4.09496788708 379.671546315 4.09496788708 379.640651996
-4.02994511773 380.212194342 4.02994511773 380.181392289
-3.96563275166 380.724099152 3.96563275166 380.694786123
-3.90237750113 381.265904124 3.90237750114 381.23667093
-3.84012900176 381.807068197 3.84012900176 381.777925477
-3.77883945319 382.347898096 3.77883945319 382.318848991
-3.71824191271 382.861727812 3.71824191271 382.834180502
-3.65865510902 383.403738528 3.65865510902 383.376270296
-3.60003714082 383.945114069 3.60003714082 383.917737065
-3.54234393523 384.486160266 3.54234393523 384.458877043
-3.48538989673 385.001297353 3.48538989673 384.975538365
-3.42929631419 385.543837318 3.42929631419 385.518145081
-3.37415717999 386.085501556 3.37415717999 386.059898777
-3.31991188394 386.626802875 3.31991188394 386.601293504
-3.26653313502 387.167838626 3.26653313502 387.142420103
-3.21375512152 387.685831854 3.21375512152 387.661926288
-3.16192517033 388.227962915 3.16192517033 388.204137835
-3.11096594218 388.769584104 3.11096594218 388.745851238
-3.0608457689 389.310902768 3.0608457689 389.287260808
-3.01153635419 389.851969941 3.01153635419 389.828413933
-2.96277741565 390.371989993 2.96277741565 390.34994799
-2.9149210045 390.914133187 2.9149210045 390.892173087
-2.86788475008 391.455818582 2.86788475008 391.433949955
-2.82163839509 391.997208188 2.82163839509 391.975427198
-2.77615164258 392.538343699 2.77615164258 392.516644129
-2.73123475059 393.059583742 2.73123475059 393.039406488
-2.6870714206 393.602046764 2.6870714206 393.581939037
-2.64369305515 394.143894487 2.64369305515 394.123877009
-2.60106469889 394.685419577 2.60106469889 394.665488276
-2.55915349941 395.226674933 2.55915349941 395.206822439
-2.51792862871 395.767686205 2.51792862871 395.747905733
-2.47719388681 396.291033101 2.47719388681 396.272765495
-2.43718528699 396.833304818 2.43718528699 396.815115046
-2.39790345895 397.375082706 2.39790345895 397.356981665
-2.35931242713 397.916546721 2.35931242713 397.898526172
-2.3213764609 398.457739522 2.3213764609 398.439790902
-2.28406460873 398.998686891 2.28406460873 398.980803194
-2.24729611416 399.52239001 2.24729611416 399.50606005
-2.21101393332 400.065358969 2.21101393332 400.0490486
-2.17544362417 400.60724521 2.17544362417 400.591024619
-2.14052671199 401.148770452 2.14052671199 401.13263021
-2.10622125678 401.689999977 2.10622125678 401.673929302
-2.07249264173 402.230967916 2.07249264173 402.214958565
-2.03931302999 402.771699231 2.03931302999 402.755744968
-2.00665942527 403.312213538 2.00665942527 403.296309512
-1.97435662228 403.839419292 1.97435662228 403.825019644
-1.94271139682 404.381287783 1.94271139682 404.366980096
-1.91167611991 404.922747984 1.91167611991 404.908519155
-1.88119981308 405.463889285 1.88119981308 405.44972577
-1.85124422556 406.004755866 1.85124422556 405.990648332
-1.82178070978 406.545378675 1.82178070978 406.531320522
-1.79278668231 407.085780994 1.79278668231 407.071767322
-1.76424351718 407.625981068 1.76424351718 407.612008081
-1.73602475218 408.154207902 1.73602475218 408.141724014
-1.70834298407 408.696037855 1.70834298407 408.683650435
-1.68123484891 409.237371743 1.68123484891 409.225063288
-1.65463367581 409.778352258 1.65463367581 409.766105055
-1.62849560973 410.319040777 1.62849560973 410.306844074
-1.60279077219 410.859477308 1.60279077219 410.847324085
-1.57749698723 411.399690183 1.57749698723 411.387575507
-1.5525966758 411.939700608 1.5525966758 411.927620804
-1.52807522633 412.479525134 1.52807522633 412.467477343
-1.50392007027 413.019177114 1.50392007027 413.007159032
-1.48002271464 413.549643645 1.48002271464 413.539140547
-1.45670357681 414.090966791 1.45670357681 414.08055847
-1.43386881078 414.631831453 1.43386881078 414.621487174
-1.411453414 415.172354004 1.411453414 415.162058201
-1.38942030796 415.712598457 1.38942030796 415.702342302
-1.36774503064 416.252605411 1.36774503064 416.242383265
-1.34640964045 416.792402912 1.34640964045 416.782210856
-1.32539999143 417.332011584 1.32539999143 417.321846718
-1.30470435489 417.871447313 1.30470435489 417.861307395
-1.28431265143 418.410722792 1.28431265143 418.400606022
-1.26421598952 418.949848448 1.26421598952 418.939753343
-1.24434725549 419.480383948 1.24434725549 419.471754218
-1.22489919458 420.021747791 1.22489919458 420.013242654
-1.20593919467 420.56241159 1.20593919467 420.553976805
-1.18735657007 421.102650226 1.18735657007 421.094261966
-1.1691026285 421.64257434 1.1691026285 421.634221429
-1.15114998872 422.182244491 1.15114998872 422.173920576
-1.13348047017 422.721698592 1.13348047017 422.713399591
-1.11608065306 423.260962615 1.11608065306 423.252685681
-1.09893990333 423.800055534 1.09893990333 423.791798559
-1.08204936834 424.338991893 1.08204936834 424.330753244
-1.06540141412 424.877783252 1.06540141412 424.86956162
-1.04898928568 425.416439072 1.04898928568 425.408233379
-1.0328068896 425.954967277 1.0328068896 425.946776616
-1.01684864826 426.493374635 1.01684864826 426.485198227
-1.00110939788 427.031667011 1.00110939788 427.023504179
-0.9856211107 427.565274761 0.9856211107 427.55867805
-0.970648203746 428.105591802 0.970648203746 428.099070753
-0.956004006437 428.645368323 0.956004006437 428.638889371
-0.941628124405 429.184791028 0.941628124405 429.17834149
-0.927492021067 429.723946487 0.927492021067 429.717519921
-0.913578542771 430.262883796 0.913578542771 430.256476355
-0.899875820809 430.801634395 0.899875820809 430.79524353
-0.886374859241 431.340220137 0.886374859241 431.333844033
-0.873068400538 431.878657125 0.873068400538 431.872294423
-0.859950325279 432.416957769 0.859950325279 432.410607406
-0.847015305741 432.955131964 0.847015305741 432.948793085
-0.83425859221 433.493187823 0.83425859221 433.486859718
-0.821675873972 434.031132143 0.821675873972 434.024814217
-0.809263184841 434.568970732 0.809263184841 434.562662471
-0.797016836585 435.106708622 0.797016836585 435.10040958
-0.784933370518 435.644350237 0.784933370518 435.638060018
-0.773009521352 436.181899504 0.773009521352 436.175617758
-0.761242189565 436.719359947 0.761242189565 436.713086357
-0.749617144985 437.250989813 0.749617144985 437.246190609
-0.738354027967 437.791982113 0.738354027967 437.787325487
-0.727518701881 438.331495688 0.727518701881 438.326893469
-0.716921101612 438.870456408 0.716921101612 438.865883116
-0.706514503034 439.409073345 0.706514503034 439.404519751
-0.696277640776 439.947438291 0.696277640776 439.942899797
-0.68619802084 440.485601755 0.68619802084 440.481075652
-0.676267148374 441.023595376 0.676267148374 441.019079897
-0.666478673059 441.561440748 0.666478673059 441.556934648
-0.656827526775 442.099153529 0.656827526775 442.094655886
-0.647309471283 442.636745613 0.647309471283 442.632255717
-0.637920839239 443.174226363 0.637920839239 443.169743644
-0.628658375624 443.711603359 0.628658375624 443.707127354
-0.619519135342 444.24888289 0.619519135342 444.24441321
-0.610500414141 444.78607027 0.610500414141 444.781606584
-0.601599700288 445.323170068 0.601599700288 445.318712089
-0.592814639709 445.860186264 0.592814639709 445.855733741
-0.58414301014 446.397122366 0.58414301014 446.392675079
-0.575582701529 446.933981503 0.575582701529 446.929539252
-0.56713170085 447.470766486 0.56713170085 447.466329091
-0.558788080128 448.007479861 0.558788080128 448.00304716
-0.550549986833 448.544123953 0.550549986833 448.539695797
-0.542415636063 449.080700894 0.542415636063 449.076277146
-0.534383304093 449.617212653 0.534383304094 449.612793186
-0.526451322987 450.153661057 0.526451322987 450.149245753
-0.518618076045 450.690047806 0.518618076045 450.685636556
-0.51088199392 451.226374491 0.51088199392 451.221967192
-0.503241551275 451.762642606 0.503241551275 451.758239161
-0.495826447157 452.297687933 0.495826447157 452.294895368
-0.488926338253 452.836711858 0.488926338253 452.833979176
-0.482216865485 453.374879609 0.482216865485 453.372169471
-0.475638090078 453.912625753 0.475638090078 453.909929008
-0.469169518234 454.450095014 0.469169518234 454.447407756
-0.462800664141 454.987357392 0.462800664141 454.984677521
-0.456525002559 455.524453348 0.456525002559 455.521779573
-0.450337953244 456.061408945 0.450337953244 456.058740399
-0.444236027902 456.598242251 0.444236027902 456.595578317
-0.438216411055 457.13496649 0.438216411055 457.132306706
-0.432276731575 457.671591747 0.432276731575 457.668935755
-0.426414928155 458.208125967 0.426414928156 458.20547348
-0.420629165214 458.744575577 0.420629165215 458.741926362
-0.414917777729 459.280945894 0.414917777729 459.278299756
-0.409279233589 459.817241397 0.409279233589 459.81459817
-0.403712107029 460.353465919 0.403712107029 460.350825459
-0.39821505935 460.889622784 0.398215059351 460.886984967
-0.392786824568 461.42571491 0.392786824568 461.423079626
-0.387426198497 461.961744885 0.387426198497 461.959112037
-0.382132030294 462.497715025 0.382132030294 462.495084524
-0.376903215785 463.033627418 0.376903215785 463.030999184
-0.371738692115 463.569483961 0.371738692115 463.566857923
-0.366637433411 464.105286389 0.366637433411 464.10266248
-0.361598447201 464.641036297 0.361598447201 464.638414455
-0.356620771441 465.176735159 0.356620771441 465.174115327
-0.351703472004 465.712384342 0.351703472004 465.709766468
-0.346845640549 466.247985123 0.346845640549 466.245369158
-0.342046392693 466.783538696 0.342046392693 466.780924592
-0.337304866424 467.319046181 0.337304866424 467.316433896
-0.332620220715 467.854508634 0.332620220715 467.851898128
-0.327991634314 468.389927055 0.327991634314 468.387318287
-0.323418304659 468.925302388 0.323418304659 468.922695322
-0.318899446923 469.460635531 0.318899446923 469.458030132
-0.314434293151 469.995927338 0.314434293151 469.993323573
-0.310022091484 470.531178624 0.310022091484 470.528576461
-0.305662105452 471.066390168 0.305662105452 471.063789576
-0.301353613337 471.601562716 0.301353613337 471.598963666
-0.297095907586 472.136696981 0.297095907586 472.134099445
-0.292888294265 472.67179365 0.292888294266 472.669197602
-0.288730092571 473.206853383 0.288730092571 473.204258797
-0.284620634362 473.741876816 0.284620634362 473.739283666
-0.280559263734 474.276864561 0.280559263734 474.274272824
-0.276545336619 474.81181721 0.276545336619 474.809226862
-0.272578220414 475.346735334 0.272578220414 475.344146353
-0.268657293624 475.881619486 0.268657293624 475.87903185
-0.264781945543 476.4164702 0.264781945543 476.413883889
-0.260951575931 476.951287997 0.260951575931 476.948702989
-0.257165594732 477.486073378 0.257165594732 477.483489655
-0.253423421788 478.020826832 0.253423421788 478.018244374
-0.249732092377 478.554001215 0.249732092377 478.553003758
-0.246712398958 479.093150934 0.246712398958 479.092252178
-0.243854774201 479.630236863 0.243854774201 479.629349387
-0.241064122845 480.166747588 0.241064122845 480.165865539
-0.238324055595 480.702936905 0.238324055595 480.702058302
-0.235627662601 481.238907419 0.235627662601 481.23803131
-0.232971105268 481.774712972 0.232971105268 481.773838814
-0.230351897998 482.31038609 0.230351897998 482.309513536
-0.227768261929 482.845948275 0.227768261929 482.845077087
-0.225218830879 483.381414661 0.225218830879 483.380544668
-0.22270249965 483.916796421 0.22270249965 483.915927493
-0.220218338399 484.452102104 0.220218338399 484.45123414
-0.217765540891 484.987338448 0.217765540891 484.986471369
-0.215343391504 485.522510894 0.215343391504 485.521644634
-0.212951243259 486.057623922 0.212951243259 486.056758426
-0.210588502647 486.592681286 0.210588502647 486.591816509
-0.208254618839 487.127686178 0.208254618839 487.126822079
-0.205949075794 487.662641345 0.205949075794 487.661777891
-0.203671386375 488.197549182 0.203671386375 488.196686343
-0.201421087852 488.732411793 0.201421087852 488.731549544
-0.199197738418 489.267231048 0.199197738418 489.266369364
-0.197000914442 489.802008617 0.197000914442 489.801147477
-0.194830208273 490.336746005 0.194830208273 490.33588539
-0.192685226462 490.871444577 0.192685226462 490.87058447
-0.190565588296 491.406105578 0.190565588296 491.405245963
-0.188470924594 491.940730149 0.188470924595 491.939871011
-0.186400876693 492.475319341 0.186400876693 492.474460667
-0.184355095587 493.009874127 0.184355095587 493.009015905
-0.182333241202 493.544395411 0.182333241202 493.543537629
-0.180334981764 494.078884036 0.180334981764 494.078026683
-0.178359993253 494.613340792 0.178359993253 494.612483858
-0.176407958934 495.147766418 0.176407958934 495.146909893
-0.174478568932 495.682161614 0.174478568932 495.681305489
-0.172571519867 496.216527036 0.172571519867 496.215671303
-0.170686514521 496.75086331 0.170686514521 496.750007961
-0.168823261549 497.285171026 0.168823261549 497.284316053
-0.16698147521 497.819450748 0.16698147521 497.818596144
-0.165160875128 498.353703012 0.165160875128 498.352848769
-0.163361186075 498.887928329 0.163361186075 498.887074442
-0.161582137773 499.42212719 0.161582137773 499.421273652
-0.159823464709 499.956300064 0.159823464709 499.955446868
-0.158084905971 500.490447401 0.158084905971 500.489594541
-0.15636620509 501.024569633 0.15636620509 501.023717104
-0.154667109896 501.558667176 0.154667109896 501.557814974
-0.152987372388 502.092740433 0.152987372388 502.091888551
-0.151326748605 502.62678979 0.151326748605 502.625938223
-0.14968499851 503.16081562 0.14968499851 503.159964364
-0.148061885884 503.694818286 0.148061885884 503.693967335
-0.146457178216 504.228798136 0.146457178216 504.227947486
-0.144870646611 504.762755509 0.144870646611 504.761905156
-0.143302065696 505.296690735 0.143302065696 505.295840674
-0.141751213532 505.830604131 0.141751213532 505.829754359
-0.140217871532 506.364496008 0.140217871532 506.36364652
-0.138701824381 506.898366666 0.138701824381 506.897517459
-0.137202859961 507.432216399 0.137202859961 507.431367468
-0.13572076928 507.96604549 0.13572076928 507.965196832
-0.134255346399 508.499854219 0.1342553464 508.499005829
-0.132806388375 509.033642855 0.132806388375 509.032794731
-0.131373695185 509.567411661 0.131373695185 509.5665638
-0.129957069678 510.101160897 0.129957069678 510.100313294
-0.128556317506 510.634890812 0.128556317506 510.634043464
-0.127171247074 511.168601653 0.127171247074 511.167754557
-0.125801669484 511.702293658 0.125801669484 511.701446811
-0.124447398482 512.235967064 0.124447398482 512.235120462
-0.123108250406 512.769622098 0.123108250406 512.76877574
-0.121784044142 513.303258986 0.121784044142 513.302412868
-0.120474601068 513.836877948 0.120474601068 513.836032066
-0.119179745017 514.370479198 0.119179745017 514.369633551
-0.117899302227 514.904062948 0.117899302227 514.903217532
-0.1166331013 515.437629403 0.1166331013 515.436784216
-0.115380973157 515.971178768 0.115380973157 515.970333806
-0.114142751002 516.504711239 0.114142751002 516.503866501
-0.112918270277 517.038227014 0.112918270278 517.037382496
-0.111707368629 517.571726281 0.111707368629 517.570881982
-0.110509885868 518.10520923 0.110509885868 518.104365147
-0.10932566393 518.638676045 0.10932566393 518.637832175
-0.108154546847 519.172126906 0.108154546847 519.171283247
-0.106996380706 519.705561992 0.106996380706 519.704718542
-0.105851013618 520.238981477 0.105851013618 520.238138233
-0.104718295686 520.772385533 0.104718295686 520.771542494
-0.10359807897 521.30577433 0.10359807897 521.304931492
-0.102490217456 521.839148032 0.102490217456 521.838305394
-0.101394567029 522.372506803 0.101394567029 522.371664363
-0.100310985436 522.905850805 0.100310985436 522.905008559
-0.099239332264 523.439180194 0.0992393322641 523.438338142
-0.0981794689063 523.972495127 0.0981794689064 523.971653266
-0.0971312585361 524.505795757 0.0971312585361 524.504954085
-0.0960945660788 525.039082234 0.0960945660788 525.03824075
-0.0950692581851 525.572354707 0.0950692581851 525.571513408
-0.0940552032047 526.105613322 0.0940552032048 526.104772206
-0.0930522711605 526.638858223 0.0930522711606 526.638017288
-0.0920603337232 527.172089551 0.0920603337233 527.171248797
-0.0910792641866 527.705307448 0.0910792641867 527.704466871
-0.0901089374435 528.238512049 0.0901089374435 528.237671648
-0.0891492299615 528.771703491 0.0891492299615 528.770863264
-0.0882000197603 529.304881908 0.0882000197603 529.304041854
-0.0872611863884 529.838047432 0.0872611863884 529.837207548
-0.0863326109008 530.371200192 0.0863326109009 530.370360477
-0.0854141758371 530.904340317 0.0854141758372 530.903500769
-0.0845057651999 531.437467934 0.0845057651999 531.436628551
-0.0836072644334 531.970583166 0.0836072644334 531.969743948
-0.0827185604031 532.503686138 0.0827185604031 532.502847081
-0.0818395413751 533.036776969 0.0818395413752 533.035938074
-0.0809700969962 533.569855781 0.0809700969962 533.569017045
-0.0801101182741 534.102922692 0.0801101182741 534.102084113
-0.0792594975583 534.635977817 0.0792594975583 534.635139394
-0.0784181285212 535.169021273 0.0784181285212 535.168183004
-0.0775859061392 535.702053172 0.0775859061392 535.701215056
-0.0767627266746 536.235073627 0.0767627266746 536.234235663
-0.0759484876579 536.768082749 0.0759484876579 536.767244935
-0.0751430878695 537.301080647 0.0751430878695 537.300242981
-0.0743464273231 537.834067429 0.0743464273232 537.83322991
-0.0735584072481 538.367043201 0.0735584072482 538.366205828
-0.0727789300731 538.90000807 0.0727789300732 538.899170841
-0.0720078994094 539.432962138 0.0720078994094 539.432125052
-0.0712452200346 539.965905509 0.0712452200347 539.965068565
-0.0704907978772 540.498838284 0.0704907978772 540.498001481
-0.0697445400002 541.031760564 0.0697445400002 541.030923899
-0.0690063545864 541.564672447 0.0690063545865 541.56383592
-0.0682761509229 542.097574032 0.0682761509229 542.096737641
-0.0675538393861 542.630465415 0.0675538393862 542.629629159
-0.0668393314274 543.163346692 0.0668393314274 543.16251057
-0.0661325395583 543.696217957 0.0661325395584 543.695381967
-0.0654333773369 544.229079304 0.0654333773369 544.228243445
-0.0647417593531 544.761930824 0.0647417593531 544.761095096
-0.0640576012156 545.29477261 0.0640576012156 545.293937011
-0.0633808195378 545.827604752 0.0633808195379 545.82676928
-0.0627113319251 546.360427338 0.0627113319252 546.359591993
-0.0620490569613 546.893240457 0.0620490569613 546.892405237
-0.0613939141958 547.426044195 0.0613939141958 547.4252091
-0.0607458241311 547.95883864 0.0607458241311 547.958003668
-0.0601047082101 548.491623877 0.0601047082101 548.490789026
-0.059470488804 549.024399989 0.059470488804 549.023565259
-0.0588430892001 549.55716706 0.0588430892001 549.55633245
-0.0582224335896 550.089925173 0.0582224335896 550.089090681
-0.0576084470564 550.622674408 0.0576084470565 550.621840034
-0.0570010555652 551.155414848 0.0570010555652 551.15458059
-0.0564001859499 551.688146571 0.0564001859499 551.687312429
-0.0558057659029 552.220869657 0.0558057659029 552.220035629
-0.0552177239636 552.753584183 0.0552177239636 552.752750268
-0.0546359895078 553.286290227 0.0546359895078 553.285456425
-0.0540604927368 553.818987865 0.0540604927368 553.818154174
-0.0534911646668 554.351677174 0.0534911646669 554.350843593
-0.0529279371189 554.884358227 0.0529279371189 554.883524755
-0.0523707427081 555.417031099 0.0523707427081 555.416197735
-0.0518195148339 555.949695863 0.051819514834 555.948862607
-0.0512741876701 556.482352591 0.0512741876701 556.481519442
-0.0507346961547 557.015001356 0.0507346961547 557.014168312
-0.0502009759806 557.547642228 0.0502009759807 557.546809289
-0.0496729635862 558.080275278 0.0496729635862 558.079442442
-0.0491505961453 558.612900575 0.0491505961454 558.612067842
-0.0486338115587 559.145518188 0.0486338115587 559.144685557
-0.0481225484444 559.678128186 0.0481225484445 559.677295655
-0.0476167461291 560.210730635 0.0476167461291 560.209898204
-0.0471163446389 560.743325603 0.0471163446389 560.742493271
-0.0466212846909 561.275913155 0.0466212846909 561.275080922
-0.0461315076844 561.808493358 0.0461315076845 561.807661222
-0.0456469556927 562.341066275 0.0456469556927 562.340234235
-0.0451675714541 562.873631971 0.0451675714542 562.872800027
-0.0446932983644 563.40619051 0.0446932983644 563.405358661
-0.0442240804681 563.938741955 0.0442240804681 563.937910199
-0.0437598624508 564.471286367 0.0437598624509 564.470454705
-0.0433005896313 565.003823809 0.0433005896313 565.002992239
-0.0428462079534 565.536354341 0.0428462079534 565.535522862
-0.0423966639785 566.068878024 0.0423966639785 566.068046636
-0.041951904878 566.601394918 0.0419519048781 566.60056362
-0.041511878426 567.133905082 0.041511878426 567.133073873
-0.0410765329912 567.666408574 0.0410765329912 567.665577454
-0.0406458175306 568.198905454 0.0406458175306 568.198074421
-0.0402196815814 568.731395779 0.0402196815815 568.730564832
-0.0397980752548 569.263879605 0.0397980752548 569.263048745
-0.0393809492281 569.796356989 0.0393809492281 569.795526214
-0.0389682547386 570.328827987 0.0389682547386 570.327997297
-0.0385599435763 570.861292655 0.0385599435763 570.860462049
-0.0381559680773 571.393751047 0.0381559680774 571.392920524
-0.0377562811176 571.926203219 0.0377562811176 571.925372778
-0.0373608361057 572.458649223 0.0373608361057 572.457818863
-0.036969586977 572.991089113 0.036969586977 572.990258835
-0.0365824881871 573.523522942 0.0365824881871 573.522692744
-0.0361994947055 574.055950763 0.0361994947055 574.055120644
-0.0358205620094 574.588372626 0.0358205620095 574.587542587
-0.0354456460779 575.120788585 0.0354456460779 575.119958624
-0.0350747033853 575.653198689 0.0350747033854 575.652368805
-0.0347076908962 576.185602989 0.0347076908962 576.184773182
-0.0343445660585 576.718001536 0.0343445660585 576.717171805
-0.0339852867984 577.250394378 0.0339852867984 577.249564723
-0.0336298115145 577.782781565 0.0336298115145 577.781951984
-0.0332780990719 578.315163145 0.033278099072 578.314333639
-0.0329301087972 578.847539167 0.0329301087972 578.846709734
-0.0325858004722 579.379909678 0.0325858004722 579.379080318
-0.0322451343293 579.912274726 0.0322451343294 579.911445438
-0.0319080710458 580.444634357 0.0319080710458 580.443805141
-0.0315745717383 580.976988618 0.0315745717383 580.976159474
-0.0312445979581 581.509337556 0.0312445979581 581.508508482
-0.0309181116858 582.041681215 0.0309181116858 582.040852211
-0.030595075326 582.574019641 0.030595075326 582.573190706
-0.0302754517027 583.106352879 0.0302754517027 583.105524013
-0.029959204054 583.638680973 0.0299592040541 583.637852175
-0.0296462960276 584.171003967 0.0296462960276 584.170175237
-0.0293366916754 584.703321905 0.0293366916754 584.702493242
-0.0290303554494 585.23563483 0.0290303554495 585.234806233
-0.0287272521967 585.767942786 0.0287272521967 585.767114254
-0.0284273471548 586.300245813 0.0284273471548 586.299417347
-0.028130605947 586.832543955 0.028130605947 586.831715554
-0.0278369945781 587.364837254 0.0278369945781 587.364008917
-0.0275464794299 587.89712575 0.0275464794299 587.896297476
-0.0272590272567 588.429409484 0.0272590272567 588.428581274
-0.0269746051807 588.961688498 0.0269746051808 588.96086035
-0.0266931806885 589.493962832 0.0266931806885 589.493134746
-0.0264147216259 590.026232525 0.0264147216259 590.025404501
-0.0261391961944 590.558497617 0.0261391961944 590.557669654
-0.0258665729467 591.090758148 0.0258665729468 591.089930245
-0.025596820783 591.623014156 0.025596820783 591.622186313
-0.0253299089463 592.15526568 0.0253299089463 592.154437896
-0.0250658070193 592.687512758 0.0250658070193 592.686685033
-0.0248044849198 593.219755428 0.0248044849198 593.218927761
-0.0245459128971 593.751993727 0.0245459128971 593.751166118
-0.024290061528 594.284227693 0.024290061528 594.283400142
-0.0240369017133 594.816457363 0.0240369017133 594.815629869
-0.0237864046739 595.348682774 0.0237864046739 595.347855336
-0.0235385419469 595.880903961 0.0235385419469 595.880076579
-0.0232932853823 596.413120961 0.0232932853823 596.412293634
-0.0230506071394 596.945333809 0.0230506071394 596.944506537
-0.0228104796829 597.477542541 0.0228104796829 597.476715324
-0.0225728757796 598.009747192 0.0225728757796 598.008920029
-0.0223377684952 598.541947796 0.0223377684952 598.541120687
-0.0221051311904 599.074144389 0.0221051311904 599.073317332
-0.0218749375177 599.606337004 0.0218749375177 599.60551
-0.0216471614181 600.138525675 0.0216471614182 600.137698723
-0.0214217771181 600.670710436 0.0214217771181 600.669883536
-0.0211987591257 601.20289132 0.0211987591257 601.202064472
-0.0209780822279 601.735068361 0.0209780822279 601.734241563
