-119.859203585 0.777524567204 119.859203585 0.729553804549
-119.743749104 1.34100503838 119.743749104 1.29381937516
-119.630651731 1.92862355759 119.630651731 1.87885930215
-119.518713875 2.50133956726 119.518713875 2.44969421023
-119.406422535 3.01529140686 119.406422535 2.96428896322
-119.294437075 3.57321870952 119.294437075 3.52067804567
-119.181766677 4.07512018271 119.181766677 4.02311030231
-119.069057811 4.62497979149 119.069057811 4.57162864754
-118.955663298 5.11909208243 118.955663298 5.06621276175
-118.842014129 5.66383986235 118.842014129 5.6097473773
-118.727809262 6.15219602436 118.727809262 6.09854907198
-118.61312845 6.69351302441 118.61312845 6.63873444338
-118.498192593 7.17687618754 118.498192593 7.12271763682
-118.382357081 7.71622386002 118.382357081 7.66080412389
-118.266526347 8.25259938081 118.266526347 8.19620886646
-118.149714156 8.73342202402 118.149714156 8.67739847478
-118.032929748 9.26788069798 118.032929748 9.21093650562
-117.915236492 9.74612465595 117.915236492 9.68952890525
-117.79752082 10.2790490512 117.79752082 10.2215741713
-117.678973112 10.7550688531 117.678973112 10.6979281406
-117.560350979 11.2867455918 117.560350979 11.2287605192
-117.440975869 11.7608164181 117.440975869 11.703154549
-117.321472996 12.291465144 117.321472996 12.2329882299
-117.201295141 12.7638134341 117.201295141 12.7056513649
-117.08093808 13.2936023094 117.08093808 13.2346500661
-116.959982824 13.7644066679 116.959982824 13.705763139
-116.838797372 14.2934700686 116.838797372 14.2340574168
-116.717089115 14.7628773322 116.717089115 14.7037692736
-116.595100243 15.2913237377 116.595100243 15.2314642292
-116.472657043 15.7594774757 116.472657043 15.6999196597
-116.349891598 16.287383282 116.349891598 16.2270892846
-116.226731759 16.7544023972 116.226731759 16.6944079838
-116.103215928 17.2818274983 116.103215928 17.2211103416
-115.979354188 17.7478256022 115.979354188 17.6874057643
-115.855114973 18.2748102567 115.855114973 18.2136803663
-115.730565056 18.7398884059 115.730565056 18.6790527237
-115.605629003 19.2664613342 115.605629003 19.2049283429
-115.480397701 19.7307338902 115.480397701 19.6694895074
-115.354794065 20.2569006977 115.354794065 20.1949735399
-115.228893981 20.7204463873 115.228893981 20.6588009701
-115.102647391 21.2462224377 115.102647391 21.1839094302
-114.976086231 21.7091285246 114.976086231 21.6470889104
-114.84922185 22.2345179955 114.84922185 22.1718269106
-114.722012313 22.6968426903 114.722012313 22.6344166027
-114.59455077 23.2218609294 114.59455077 23.1587990517
-114.46670375 23.6836613567 114.46670375 23.6208562674
-114.338664496 24.2083214158 114.338664496 24.1448955976
-114.21019158 24.6696447897 114.21019158 24.6064680881
-114.081592037 25.1939617059 114.081592037 25.1301784099
-113.952506722 25.6548418909 113.952506722 25.5913008119
-113.823361909 26.1788347963 113.823361909 26.1147001307
-113.693677352 26.6393016868 113.693677352 26.5754030544
-113.564001049 27.1629894914 113.564001049 27.0985092445
-113.433728767 27.6230741897 113.433728767 27.5588243788
-113.30353425 28.1464730671 113.30353425 28.0816527408
-113.172688314 28.6061932795 113.172688314 28.5415983857
-113.041987044 29.1293224541 113.041987044 29.0641672742
-112.910579465 29.5886996997 112.910579465 29.5237654191
-112.779382622 30.1115755484 112.779382622 30.0460904992
-112.64742511 30.5706290126 112.64742511 30.5053607265
-112.515743272 31.0932667293 112.515743272 31.0274565702
-112.383248226 31.5520102759 112.383248226 31.486413089
-112.251091133 32.0744251297 112.251091133 32.0082944039
-112.118070306 32.5328722831 112.118070306 32.4669510333
-111.985170152 32.9897299873 111.985170152 32.9240683895
-111.851910882 33.5132452217 111.851910882 33.4470045074
-111.718421362 33.9701242036 111.718421362 33.9041148133
-111.58478906 34.4931556524 111.58478906 34.4265998618
-111.450751731 34.9499469152 111.450751731 34.8836103874
-111.316725063 35.4726222408 111.316725063 35.4057555607
-111.182163067 35.9292866384 111.182163067 35.8626317094
-111.04773682 36.451667539 111.04773682 36.3844939766
-110.912666443 36.908190091 110.912666443 36.8412227786
-110.777840875 37.4303146684 110.777840875 37.3628380729
-110.642278202 37.8866806206 110.642278202 37.8194059107
-110.507055074 38.4085791481 110.507055074 38.3408032034
-110.371012758 38.8647847019 110.371012758 38.7972069716
-110.235114398 39.3194964424 110.235114398 39.2521681793
-110.098884951 39.8425236157 110.098884951 39.7746468771
-109.962426395 40.2974267034 109.962426395 40.2297669448
-109.82590941 40.8199161902 109.82590941 40.7517441947
-109.688945051 41.274845489 109.688945051 41.2068790352
-109.552101333 41.7969767058 109.552101333 41.7285129953
-109.414657316 42.2518731274 109.414657316 42.1836082849
-109.277474288 42.7737221729 109.277474288 42.704970124
-109.139569986 43.2285516108 109.139569986 43.1599937099
-109.002042514 43.7501650518 109.002042514 43.6811278895
-108.863691982 44.2049115854 108.863691982 44.1360648535
-108.7254517 44.6584046211 108.7254517 44.5897817846
-108.587035061 45.180971146 108.587035061 45.1118392837
-108.448284187 45.6346544601 108.448284187 45.5657261644
-108.309609989 46.1567491795 108.309609989 46.0873355688
-108.170395094 46.6104854287 108.170395094 46.5412668058
-108.031429722 47.1322555226 108.031429722 47.0625633148
-107.891773852 47.5859930028 107.891773852 47.5164904333
-107.752504722 48.1075060023 107.752504722 48.0375381916
-107.612424367 48.5612161745 107.612424367 48.4914340695
-107.472453061 49.013757317 107.472453061 48.9441912068
-107.332356012 49.5361730435 107.332356012 49.4661150255
-107.191898934 49.9889388107 107.191898934 49.9190780011
-107.051577439 50.510882056 107.051577439 50.4405513303
-106.910678966 50.9637409334 106.910678966 50.8935994211
-106.770097151 51.4853598411 106.770097151 51.4147593675
-106.628783576 51.9382470439 106.628783576 51.8678308313
-106.487666258 52.3897143794 106.487666258 52.3195443062
-106.346214136 52.912497946 106.346214136 52.8418111057
-106.204566933 53.3644317899 106.204566933 53.2939444812
-106.062975431 53.8865197639 106.062975431 53.8155656376
-105.920887726 54.3386247447 105.920887726 54.2678590662
-105.77907605 54.8603246203 105.77907605 54.7891061622
-105.636580931 55.3125099434 105.636580931 55.241474058
-105.494351953 55.7630787368 105.494351953 55.6923404178
-105.351641439 56.286146223 105.351641439 56.2148447113
-105.208843046 56.7373986732 105.208843046 56.6662967801
-105.066072854 57.2595602302 105.066072854 57.1879965476
-104.922837694 57.7110433854 104.922837694 57.6396663076
-104.779879032 58.2327753151 104.779879032 58.160952419
-104.636247993 58.684370436 104.636247993 58.6127278816
-104.492870664 59.1344423543 104.492870664 59.0630760472
-104.349062575 59.6574563872 104.349062575 59.5855531568
-104.205137983 60.1081970882 104.205137983 60.0364894768
-104.061282598 60.6303323179 104.061282598 60.558171873
-103.916938324 61.0813108512 103.916938324 61.0093339089
-103.77291126 61.6030204757 103.77291126 61.5306057112
-103.628185932 62.054125463 103.628185932 61.9818882465
-103.483647805 62.5039835289 103.483647805 62.4319731614
-103.338870265 63.0267106759 103.338870265 62.9542177738
-103.19384833 63.4770715335 103.19384833 63.4047677783
-103.048989941 63.9991021779 103.048989941 63.9263569099
-102.903572968 64.4496772288 102.903572968 64.3771115252
-102.758548504 64.9713180638 102.758548504 64.8983232027
-102.612769501 65.422015559 102.612769501 65.3491950769
-102.467112158 65.8717264931 102.467112158 65.7991067499
-102.321429768 66.3941440226 102.321429768 66.3210728307
-102.175347119 66.8442102552 102.175347119 66.771321547
-102.029552526 67.3660944934 102.029552526 67.2927756649
-101.883101561 67.8163410367 101.883101561 67.7431976161
-101.736864521 68.2653137424 101.736864521 68.1924048045
-101.590348032 68.7882411474 101.590348032 68.7148483785
-101.44362633 69.2378108399 101.44362633 69.1646047496
-101.297082681 69.7599504247 101.297082681 69.6863117993
-101.149980369 70.2097761163 101.149980369 70.1363141251
-101.003303584 70.7314996337 101.003303584 70.6576179527
-100.855859748 71.1814695619 100.855859748 71.1077592973
-100.70852042 71.6305656628 100.70852042 71.5570479455
-100.561249873 72.1529650432 100.561249873 72.0790105771
-100.413516566 72.6023953842 100.413516566 72.5286188989
-100.266148579 73.1242932585 100.266148579 73.0500975973
-100.118070579 73.5739100863 100.118070579 73.4998861477
-99.9701354904 74.0225486373 99.9701354904 73.9487254522
-99.8221605535 74.5452079374 99.8221605535 74.4709413561
-99.6738119004 74.9942781018 99.6738119004 74.9201907969
-99.5257790464 75.5163353586 99.5257790464 75.4418293851
-99.3770850984 75.9656248899 99.3770850984 75.8912908313
-99.228567615 76.4138451817 99.228567615 76.3397221339
-99.0799154947 76.9367450819 99.0799154947 76.8621699058
-98.9309655587 77.385490748 98.9309655587 77.3110958641
-98.7822950319 77.9076864604 98.7822950319 77.8328736576
-98.6329986593 78.3566842261 98.6329986593 78.2820433323
-98.483909842 78.8045291169 98.483909842 78.7301103526
-98.334611652 79.3276342615 98.334611652 79.2527538059
-98.1850730057 79.7760918139 98.1850730057 79.7013921744
-98.0357924258 80.2984008053 98.0357924258 80.2232844829
-97.8859089953 80.7471331085 97.8859089953 80.6721884545
-97.7362492174 81.1946776768 97.7362492174 81.1199621817
-97.5863437744 81.7179234884 97.5863437744 81.6427409013
-97.4362248091 82.1661385784 97.4362248091 82.0911365637
-97.2863629283 82.6885289561 97.2863629283 82.6131122896
-97.1359038876 83.1370300303 97.1359038876 83.0617844879
-96.9856701657 83.5843568177 96.9856701657 83.5093387771
-96.8352004518 84.107662081 96.8352004518 84.0321803633
-96.6845114964 84.5556707656 96.6845114964 84.4803686496
-96.5340955319 85.0781133599 96.5340955319 85.0023993826
-96.383073626 85.5264103945 96.383073626 85.450866728
-96.23225879 85.9736117578 96.23225879 85.8982853398
-96.0812680183 86.4968919963 96.0812680183 86.421114042
-95.9300189726 86.9447281915 95.9300189726 86.8691282181
-95.7790750448 87.4671948667 95.7790750448 87.3911865089
-95.6275023811 87.9153137824 95.6275023811 87.8394746787
-95.4761090901 88.3624449675 95.4761090901 88.2868110516
-95.3246301517 88.8856490541 95.3246301517 88.8095776672
-95.1728308312 89.3333437616 95.1728308312 89.2574482835
-95.021383205 89.8558099962 95.021383205 89.7795100999
-94.8692714982 90.3037749401 94.8692714982 90.2276430492
-94.7173085693 90.7508670982 94.7173085693 90.6749298777
-94.5653664539 91.2739681996 94.5653664539 91.1976061195
-94.4130287408 91.7215431689 94.4130287408 91.6453547171
-94.2610990409 92.2439907379 94.2610990409 92.167402063
-94.108460952 92.6918205104 94.108460952 92.6153984705
-93.9559426404 93.1388844401 93.9559426404 93.0626489467
-93.8035556884 93.6618755128 93.8035556884 93.5852254224
-93.6506915539 94.1093497124 93.6506915539 94.032870928
-93.4982214174 94.5551575376 93.4982214174 94.4791381713
-93.3451471913 95.0794767108 93.3451471913 95.00276715
-93.1920888226 95.5265175881 93.1920888226 95.4499883477
-93.0392725159 96.0493981656 93.0392725159 95.9724627061
-92.885892895 96.4967911164 92.885892895 96.4200246881
-92.7327305488 96.9431264308 92.7327305488 96.8665770012
-92.5794024036 97.4667710661 92.5794024036 97.3897765982
-92.4258212809 97.9137861823 92.4258212809 97.8369672314
-92.2725886943 98.4365609729 92.2725886943 98.359342738
-92.1187074197 98.8838816355 92.1187074197 98.8068302944
-91.9649754106 99.3303780176 91.9649754106 99.2535185946
-91.8112993433 99.8537203125 91.8112993433 99.7764435286
-91.6572101821 100.300713382 91.6572101821 100.223608266
-91.5035737187 100.823386433 91.5035737187 100.745887988
-91.3492045497 101.270642145 91.3492045497 101.193308589
-91.1949394917 101.717227341 91.1949394917 101.640074582
-91.0409048402 102.240348828 91.0409048402 102.162792298
-90.886323672 102.687318109 90.886323672 102.60993009
-90.7319603489 103.133262772 90.7319603489 103.056089543
-90.5774507659 103.657092738 90.5774507659 103.579479622
-90.4226806949 104.103723904 90.4226806949 104.026285105
-90.2682861513 104.626671242 90.2682861513 104.548837487
-90.113229154 105.073613654 90.113229154 104.995945761
-89.9583062636 105.51981083 89.9583062636 105.442329802
-89.8035117853 106.043248206 89.8035117853 105.965358134
-89.6482571678 106.489906137 89.6482571678 106.412185922
-89.4933130515 106.935254702 89.4933130515 106.857813846
-89.3379877444 107.45962333 89.3379877444 107.381678404
-89.1825578247 107.9059456 89.1825578247 107.828177192
-89.0274496213 108.429125537 89.0274496213 108.350961055
-88.8717280397 108.875799317 88.8717280397 108.797801329
-88.716165029 109.321668943 88.716165029 109.243863264
-88.5606596013 109.845364983 88.5606596013 109.76714574
-88.4047513814 110.291763463 88.4047513814 110.213714867
-88.2492850713 110.736434112 88.2492850713 110.658961164
-88.0931510958 111.261424074 88.0931510958 111.183151464
-87.9370781075 111.707496099 87.9370781075 111.629401111
-87.781303562 112.230852753 87.781303562 112.152361798
-87.6249396178 112.677298595 87.6249396178 112.598974306
-87.46874519 113.122922799 87.46874519 113.04479314
-87.3125843597 113.646793883 87.3125843597 113.568249507
-87.1560411223 114.092981925 87.1560411223 114.014608261
-86.999976897 114.616099201 86.999976897 114.537339052
-86.8431757751 115.062575721 86.8431757751 114.98397922
-86.6864746694 115.508455477 86.6864746694 115.430036314
-86.5300805459 116.031930382 86.5300805459 115.953116924
-86.3730945142 116.478188507 86.3730945142 116.39954141
-86.2162704866 116.923664435 86.2162704866 116.845209519
-86.0595126661 117.447613027 86.0595126661 117.368747311
-85.9023534618 117.893632153 85.9023534618 117.814936485
-85.7455421984 118.338274233 85.7455421984 118.259902356
-85.5882856848 118.863148341 85.5882856848 118.784231523
-85.4309691673 119.308894281 85.4309691673 119.230153186
-85.2740004606 119.832430003 85.2740004606 119.753297811
-85.1164107833 120.278539977 85.1164107833 120.199573395
-84.9589652768 120.723938271 84.9589652768 120.645158512
-84.8016614288 121.247887014 84.8016614288 121.168703568
-84.643902247 121.693781855 84.643902247 121.614767179
-84.4863965094 122.138624702 84.4863965094 122.0598382
-84.3286900819 122.663212802 84.3286900819 122.583979114
-84.1707751882 123.108864384 84.1707751882 123.02980401
-84.0132717938 123.632415312 84.0132717938 123.55296799
-83.8550984397 124.078407165 83.8550984397 123.999124371
-83.6970459375 124.523772573 83.6970459375 124.444670706
-83.5392369929 125.047672059 83.5392369929 124.968174368
-83.3808963553 125.493474731 83.3808963553 125.414144173
-83.2227428613 125.938451022 83.2227428613 125.859319165
-83.0645945294 126.462814612 83.0645945294 126.38326743
-82.9060970946 126.908409503 82.9060970946 126.8290329
-82.7480017602 127.352488105 82.7480017602 127.27354397
-82.5893554462 127.877843614 82.5893554462 127.798247891
-82.4307148084 128.323201867 82.4307148084 128.243781784
-82.2724339092 128.847022642 82.2724339092 128.767214119
-82.113530638 129.292759413 82.113530638 129.213116209
-81.9547671346 129.737830108 81.9547671346 129.658371418
-81.7961909387 130.262002662 81.7961909387 130.182145321
-81.6371310958 130.707561276 81.6371310958 130.627871845
-81.4782844444 131.152230082 81.4782844444 131.072747758
-81.3193752828 131.676882202 81.3193752828 131.596976843
-81.1601682252 132.12224639 81.1601682252 132.042512348
-81.0014414673 132.645976541 81.0014414673 132.565860536
-80.841996719 133.091663178 80.841996719 133.011710656
-80.6826544883 133.536807803 80.6826544883 133.457031517
-80.5236654979 134.060812622 80.5236654979 133.980648434
-80.3640649574 134.506346992 80.3640649574 134.42634825
-80.2046050766 134.951229003 80.2046050766 134.871414783
-80.0453394356 135.475560672 80.0453394356 135.395348982
-79.8855897418 135.920934235 79.8855897418 135.840890359
-79.7260440846 136.365463771 79.7260440846 136.285623328
-79.5664722111 136.890223429 79.5664722111 136.809964943
-79.4065810226 137.335424144 79.4065810226 137.255336471
-79.2470795973 137.779189113 79.2470795973 137.699491363
-79.0870738739 138.304800036 79.0870738739 138.224495486
-78.9270520486 138.749806013 78.9270520486 138.669676419
-78.7674219227 139.273908806 78.7674219227 139.193394063
-78.6071522809 139.719295424 78.6071522809 139.638945611
-78.4470109335 140.164082467 78.4470109335 140.083913841
-78.2871292394 140.688465425 78.2871292394 140.607904305
-78.1267166867 141.133709247 78.1267166867 141.053315047
-77.9664775335 141.578220005 77.9664775335 141.4980186
-77.806326161 142.102947032 77.806326161 142.02234013
-77.6457763573 142.548041295 77.6457763573 142.467603732
-77.485481726 142.992150558 77.485481726 142.911938811
-77.3250201772 143.517358015 77.3250201772 143.436705957
-77.1643398218 143.962292408 77.1643398218 143.88181274
-77.0041291173 144.486418838 77.0041291173 144.405558374
-76.8432189263 144.931701647 76.8432189263 144.85100508
-76.6824161674 145.376461016 76.6824161674 145.295940944
-76.5219799771 145.900816678 76.5219799771 145.819910804
-76.3609313422 146.345977127 76.3609313422 146.265236731
-76.2000186237 146.790532989 76.2000186237 146.709975277
-76.0393484318 147.315150799 76.0393484318 147.234200021
-75.8781653995 147.760186243 75.8781653995 147.679402765
-75.7171617078 148.204488796 75.7171617078 148.123899096
-75.5562423341 148.729423016 75.5562423341 148.64842785
-75.3949307349 149.174325572 75.3949307349 149.093499866
-75.2338653967 149.618290126 75.2338653967 149.537685125
-75.0726678034 150.143639465 75.0726678034 150.062600448
-74.9112329786 150.588401915 74.9112329786 150.507534975
-74.7502894055 151.112688805 74.7502894055 151.031442682
-74.5886330093 151.557799798 74.5886330093 151.476717462
-74.4270806914 152.002413508 74.4270806914 151.921506589
-74.2659324936 152.526899685 74.2659324936 152.445609457
-74.1041455154 152.971905112 74.1041455154 152.890780011
-73.9424845522 153.416351953 73.9424845522 153.335406869
-73.7811268299 153.9410586 73.7811268299 153.859724697
-73.6192122121 154.385958195 73.6192122121 154.304790914
-73.4574523069 154.830216462 73.4574523069 154.749236057
-73.2958781968 155.355170828 73.2958781968 155.273793692
-73.1338406491 155.799959163 73.1338406491 155.718750327
-72.971998756 156.243984326 72.971998756 156.162974567
-72.8101946937 156.769235185 72.8101946937 156.687815244
-72.6480374168 157.213910783 72.6480374168 157.132661078
-72.4861465651 157.657606124 72.4861465651 157.576586313
-72.3240829749 158.183253911 72.3240829749 158.101791596
-72.1618110107 158.627809917 72.1618110107 158.546520141
-72.0000346422 159.152322469 72.0000346422 159.070654163
-71.8375492181 159.597230318 71.8375492181 159.515726071
-71.6751666031 160.041662226 71.6751666031 159.960333304
-71.513206894 160.566346336 71.513206894 160.48463541
-71.3505987776 161.011169116 71.3505987776 160.929623376
-71.1881121366 161.455464636 71.1881121366 161.374097786
-71.0259668527 161.980332729 71.0259668527 161.898579543
-70.8632408157 162.425064554 70.8632408157 162.343477768
-70.700657371 162.869209359 70.700657371 162.787806348
-70.5383225109 163.394279472 70.5383225109 163.312484376
-70.3754804476 163.838922038 70.3754804476 163.757294672
-70.2128078046 164.282899735 70.2128078046 164.20146322
-70.0502784004 164.808192778 70.0502784004 164.726356131
-69.8873224574 165.252746784 69.8873224574 165.171079311
-69.7245745666 165.696521125 69.7245745666 165.615056427
-69.5618406856 166.222073912 69.5618406856 166.140196056
-69.3987759685 166.666531869 69.3987759685 166.584824813
-69.2359760187 167.110036733 69.2359760187 167.028558671
-69.073016989 167.635920608 69.073016989 167.55400188
-68.9098454299 168.080283581 68.9098454299 167.998537492
-68.7470713208 168.523275337 68.7470713208 168.441921201
-68.583812604 169.049736145 68.583812604 168.967776882
-68.4205379695 169.493999886 68.4205379695 169.412215394
-68.2577203224 170.018878128 68.2577203224 169.936713533
-68.0942325009 170.463524437 68.0942325009 170.381524976
-67.9308590943 170.907682813 67.9308590943 170.825860649
-67.7678810256 171.432707478 67.7678810256 171.350502083
-67.6042832215 171.877284712 67.6042832215 171.795245382
-67.4408154947 172.321330969 67.4408154947 172.239472036
-67.2776761765 172.84650972 67.2776761765 172.764263807
-67.1139707825 173.291017526 67.1139707825 173.208938656
-66.9504115392 173.734949345 66.9504115392 173.653054701
-66.7871104586 174.260288687 66.7871104586 174.178002543
-66.623300051 174.704725964 66.623300051 174.622607882
-66.4596548635 175.14853273 66.4596548635 175.06660392
-66.2961899519 175.674044139 66.2961899519 175.591718032
-66.1322769133 176.118410252 66.1322769133 176.036253287
-65.9685552548 176.5620694 65.9685552548 176.480109101
-65.804921558 177.087773641 65.804921558 177.005407824
-65.6409079621 177.532068802 65.6409079621 177.449873297
-65.4771164383 177.975565468 65.4771164383 177.893577795
-65.3133091106 178.501482698 65.3133091106 178.419077437
-65.149195836 178.945710033 65.149195836 178.86347631
-64.9853491275 179.389003976 64.9853491275 179.306998568
-64.8213573696 179.915173456 64.8213573696 179.832729001
-64.6571483804 180.359327584 64.6571483804 180.277056006
-64.4932753532 180.802332738 64.4932753532 180.72034685
-64.3290727353 181.328844063 64.3290727353 181.246360656
-64.1647685051 181.772929125 64.1647685051 181.690620024
-64.0009615009 182.298043041 64.0009615009 182.215355712
-63.8364579764 182.742501598 63.8364579764 182.65997948
-63.6720610336 183.186515766 63.6720610336 183.104169493
-63.50812199 183.711734331 63.50812199 183.629007885
-63.3435201142 184.156141536 63.3435201142 184.073580929
-63.1790342389 184.600079607 63.1790342389 184.517696601
-63.0149635318 185.125406365 63.0149635318 185.042641005
-62.8502646736 185.569763891 62.8502646736 185.48716502
-62.6856900337 186.013630589 62.6856900337 185.931211213
-62.5214894179 186.53906453 62.5214894179 186.456260478
-62.3566952774 186.983372866 62.3566952774 186.900735947
-62.192036102 187.427161288 62.192036102 187.344706064
-62.0277058505 187.952706194 62.0277058505 187.869863646
-61.8628177178 188.396967008 61.8628177178 188.314292255
-61.6980740305 188.840682092 61.6980740305 188.758191422
-61.5336159904 189.366336558 61.5336159904 189.283455726
-61.3686354706 189.810550393 61.3686354706 189.727838009
-61.2038117424 190.25418421 61.2038117424 190.17165876
-61.0392259321 190.779952753 61.0392259321 190.697033821
-60.8741541818 191.22412146 60.8741541818 191.141371643
-60.7092502465 191.667679319 60.7092502465 191.585119568
-60.5445386213 192.193560094 60.5445386213 192.110603262
-60.3793771355 192.637684327 60.3793771355 192.554897266
-60.2143977885 193.081157021 60.2143977885 192.998563884
-60.0495600316 193.607155543 60.0495600316 193.524160985
-59.8843098251 194.051237373 59.8843098251 193.968413254
-59.7192546806 194.494630695 59.7192546806 194.41200479
-59.5542928967 195.020744544 59.5542928967 194.937712449
-59.3889553481 195.464784772 59.3889553481 195.381923765
-59.223829661 195.908087815 59.223829661 195.825430523
-59.058743075 196.434323902 59.058743075 196.351254435
-58.89332065 196.878320539 58.89332065 196.795422829
-58.728126532 197.321531635 58.728126532 197.238844457
-58.5629152851 197.847893844 58.5629152851 197.764787173
-58.3974072971 198.291853286 58.3974072971 198.208919021
-58.2321480629 198.734966798 58.2321480629 198.652251732
-58.0668124198 199.261458552 58.0668124198 199.178314844
-57.9012215177 199.705378024 57.9012215177 199.622407375
-57.7359039528 200.148377817 57.7359039528 200.065639047
-57.5704408 200.675013466 57.5704408 200.591832876
-57.4047675353 201.118896005 57.4047675353 201.035889127
-57.2393917067 201.561785963 57.2393917067 201.479027559
-57.0738024054 202.088565237 57.0738024054 202.00534793
-56.9080478352 202.53241217 56.9080478352 202.4493692
-56.7426245404 202.975163069 56.7426245404 202.892398046
-56.576902721 203.502110713 56.576902721 203.418856838
-56.4110673442 203.945925056 56.4110673442 203.862846127
-56.2456078438 204.388505397 56.2456078438 204.305764561
-56.0797450827 204.915652586 56.0797450827 204.832362295
-55.9138313119 205.359431959 55.9138313119 205.276317229
-55.7483610684 205.801765112 55.7483610684 205.719149004
-55.5823340541 206.32919025 55.5823340541 206.245863694
-55.4163424475 206.772937319 55.4163424475 206.689786908
-55.25085174 207.298589249 55.25085174 207.215059966
-55.0846730498 207.742725759 55.0846730498 207.659363085
-54.918602367 208.186448043 54.918602367 208.103262022
-54.7530228749 208.712147382 54.7530228749 208.628581883
-54.586765988 209.156259354 54.586765988 209.072860704
-54.4206201477 209.599950234 54.4206201477 209.516728787
-54.2549526988 210.125698383 54.2549526988 210.042096806
-54.0886165927 210.569792563 54.0886165927 210.486358087
-53.9223943487 211.013459438 53.9223943487 210.930202617
-53.7566418736 211.539250953 53.7566418736 211.455613475
-53.5902301914 211.983321633 53.5902301914 211.899851467
-53.4239332492 212.426964014 53.4239332492 212.343671966
-53.258097119 212.952798486 53.258097119 212.869125254
-53.0916088806 213.396852157 53.0916088806 213.313346452
-52.9252377682 213.840472457 52.9252377682 213.757145267
-52.759320316 214.366346332 52.759320316 214.282637515
-52.5927575747 214.810381414 52.5927575747 214.726840313
-52.4263122827 215.253983702 52.4263122827 215.170621457
-52.260315702 215.779893858 52.260315702 215.696149621
-52.0936790353 216.223912598 52.0936790353 216.140336251
-51.9271616998 216.667494859 51.9271616998 216.584097694
-51.7610875773 217.193440116 51.7610875773 217.109660617
-51.5943773883 217.637445267 51.5943773883 217.553833824
-51.4277881542 218.081010986 51.4277881542 217.997578984
-51.2616387787 218.606987875 51.2616387787 218.523173289
-51.0948570182 219.050978057 51.0948570182 218.967331671
-50.928195741 219.494531602 50.928195741 219.411064852
-50.7619733239 220.020536894 50.7619733239 219.936687396
-50.5951204958 220.464514471 50.5951204958 220.380833301
-50.4283892451 220.908053936 50.4283892451 220.82455258
-50.2620953748 221.434086397 50.2620953748 221.35020216
-50.095171826 221.878054201 50.095171826 221.794338415
-49.9283706737 222.321583212 49.9283706737 222.238047343
-49.7620076547 222.847639291 49.7620076547 222.763720503
-49.5950152983 223.291595986 49.5950152983 223.20784575
-49.4281440521 223.735118988 49.4281440521 223.651548711
-49.2617140958 224.261195428 49.2617140958 224.177242285
-49.0946534018 224.705143426 49.0946534018 224.621358922
-48.9277141077 225.148658546 48.9277141077 225.065054024
-48.7612187926 225.674754131 48.7612187926 225.590766826
-48.5940900856 226.118696295 48.5940900856 226.03487771
-48.427082806 226.56220716 48.427082806 226.478568512
-48.2605244175 227.088318397 48.2605244175 227.004297143
-48.0933295969 227.532253423 48.0933295969 227.448400952
-47.9262560618 227.975759174 47.9262560618 227.892086593
-47.7596360419 228.501885305 47.7596360419 228.417830313
-47.5923753629 228.94581629 47.5923753629 228.861930146
-47.4252356085 229.389320667 47.4252356085 229.305614303
-47.2585561878 229.915458404 47.2585561878 229.831369913
-47.0912315275 230.359384156 47.0912315275 230.275464559
-46.9240253969 230.80289153 46.9240253969 230.719151556
-46.757288711 231.329037919 46.757288711 231.244916176
-46.5899005361 231.77296092 46.5899005361 231.68900811
-46.4226301005 232.216469439 46.4226301005 232.132696088
-46.255837684 232.742623486 46.255837684 232.658468746
-46.0883877151 233.186543111 46.0883877151 233.102557338
-45.9210546519 233.630052227 45.9210546519 233.54624576
-45.7542078723 234.156213524 45.7542078723 234.072026056
-45.5866963653 234.600133017 45.5866963653 234.516114559
-45.4192989419 235.043651441 45.4192989419 234.959812049
-45.2524006305 235.569814914 45.2524006305 235.485595033
-45.0848296841 236.013732585 45.0848296841 235.929681731
-44.9173716449 236.45725416 44.9173716449 236.373382186
-44.7504225804 236.9834214 44.7504225804 236.899169402
-44.5827923561 237.427340931 44.5827923561 237.343258
-44.4152738258 237.870869453 44.4152738258 237.786965184
-44.2481905676 238.313024136 44.2481905676 238.22958928
-44.0805871683 238.840961779 44.0805871683 238.756847115
-43.9130085093 239.284500386 43.9130085093 239.200564137
-43.7458083756 239.726845244 43.7458083756 239.643250439
-43.5782186781 240.254594358 43.5782186781 240.170448326
-43.4105818185 240.698142157 43.4105818185 240.614174313
-43.2432885747 241.140607071 43.2432885747 241.056929682
-43.0756920404 241.668237196 43.0756920404 241.584060191
-42.9079970533 242.111798499 42.9079970533 242.027799453
-42.7406174487 242.554366675 42.7406174487 242.470629197
-42.57300994 243.081895384 42.57300994 242.997687842
-42.4052590709 243.525468597 42.4052590709 243.4414388
-42.2378016086 243.968118513 42.2378016086 243.884333434
-42.0701780892 244.495566545 42.0701780892 244.411328932
-41.902373268 244.939151258 41.902373268 244.855091205
-41.7348398511 245.381881855 41.7348398511 245.298054103
-41.5672004146 245.909253653 41.5672004146 245.824986483
-41.3993421621 246.3528533 41.3993421621 246.268763502
-41.2317388577 246.795651251 41.2317388577 246.711785087
-41.0640817371 247.322957433 41.0640817371 247.238661257
-40.8961705097 247.766575867 40.8961705097 247.68245689
-40.728498995 248.209441271 40.728498995 248.125538871
-40.5608255039 248.736682763 40.5608255039 248.652358189
-40.3928637786 249.180318525 40.3928637786 249.096170999
-40.2251285797 249.623243477 40.2251285797 249.539307215
-40.0574380697 250.150427736 40.0574380697 250.066075416
-39.8894280396 250.594080548 39.8894280396 250.509905164
-39.7216330695 251.03705941 39.7216330695 250.953091159
-39.5539253979 251.56419253 39.5539253979 251.479813174
-39.3858692576 252.007862431 39.3858692576 251.923659944
-39.2180152907 252.450899068 39.2180152907 252.366900116
-39.0502922675 252.97798116 39.0502922675 252.893575554
-38.8821909504 253.421671709 38.8821909504 253.337442923
-38.7142822357 253.864760121 38.7142822357 253.780732011
-38.5465444714 254.39179546 38.5465444714 254.307364451
-38.3784004684 254.8355065 38.3784004684 254.751252307
-38.210440557 255.278643319 38.210440557 255.194587501
-38.0426888316 255.805635992 38.0426888316 255.721180503
-37.8745030914 256.249371842 37.8745030914 256.16509321
-37.7064933898 256.692560146 37.7064933898 256.608477845
-37.5387301133 257.219509399 37.5387301133 257.135030451
-37.3705055757 257.6632694 37.3705055757 257.578967387
-37.2024497737 258.106506327 37.2024497737 258.022399004
-37.0346761991 258.633415554 37.0346761991 258.548914249
-36.8664156361 259.0772001 36.8664156361 258.992875863
-36.6983172721 259.520483829 36.6983172721 259.436352973
-36.5305348681 260.047356218 36.5305348681 259.962833759
-36.3622411308 260.491166041 36.3622411308 260.406820844
-36.1941015548 260.934501475 36.1941015548 260.850348523
-36.026313004 261.461336858 36.026313004 261.376794571
-35.8579878433 261.905175977 35.8579878433 261.820811197
-35.6898133805 262.348554567 35.6898133805 262.264381242
-35.5220198703 262.875358158 35.5220198703 262.790797472
-35.3536663539 263.319227965 35.3536663539 263.234845109
-35.1854585721 263.762655326 35.1854585721 263.678463269
-35.0176631972 264.289426882 35.0176631972 264.204849379
-34.8492848917 264.733327984 34.8492848917 264.648928699
-34.6810477867 265.176803673 34.6810477867 265.092594737
-34.5132530515 265.703545564 34.5132530515 265.618952962
-34.3448535403 266.147479371 34.3448535403 266.063065453
-34.1765892415 266.591008915 34.1765892415 266.506785035
-34.0087986595 267.117721071 34.0087986595 267.033115264
-33.840381932 267.561688659 33.840381932 267.477262072
-33.6720967504 268.005266984 33.6720967504 267.921030363
-33.5043126644 268.531953965 33.5043126644 268.447336995
-33.3358811858 268.975961406 33.3358811858 268.891524304
-33.1675797994 269.419588864 33.1675797994 269.335341816
-32.9998057066 269.946252495 32.9998057066 269.861626611
-32.8313652044 270.390298389 32.8313652044 270.305853115
-32.6630501782 270.833982359 32.6630501782 270.749727371
-32.4951184238 271.276532868 32.4951184238 271.192612797
-32.3268441882 271.804713032 32.3268441882 271.720262159
-32.1585226781 272.248449331 32.1585226781 272.16418917
-31.9905324818 272.69121933 31.9905324818 272.607233842
-31.8223351019 273.219204568 31.8223351019 273.134750899
-31.6540102918 273.663001332 31.6540102918 273.578738956
-31.4859860685 274.105933479 31.4859860685 274.021922409
-31.3178514721 274.633784769 31.3178514721 274.549331375
-31.1495307745 275.077639987 31.1495307745 274.993378666
-30.9814828015 275.520722499 30.9814828015 275.436699174
-30.8134093012 276.048463021 30.8134093012 275.964013269
-30.6450989196 276.492379389 30.6450989196 276.408122658
-30.4770427532 276.935586981 30.4770427532 276.851560951
-30.3090278061 277.463244437 30.3090278061 277.378801995
-30.1407339184 277.907226595 30.1407339184 277.82297832
-29.9726795548 278.350552752 29.9726795548 278.266530547
-29.804725567 278.878140832 29.804725567 278.793709718
-29.6364550639 279.322193222 29.6364550639 279.237957622
-29.4684149641 279.765626506 29.4684149641 279.681614383
-29.3005243773 280.293160765 29.3005243773 280.208745369
-29.1322844471 280.737289134 29.1322844471 280.653070821
-28.9642650944 281.180837774 28.9642650944 281.096841176
-28.7964448032 281.708321625 28.7964448032 281.623926767
-28.6282452745 282.152526673 28.6282452745 282.068330686
-28.4602586675 282.596185533 28.4602586675 282.512210657
-28.2925136259 283.123630949 28.2925136259 283.03926188
-28.1243643792 283.567915895 28.1243643792 283.483747745
-27.956422352 284.011683152 27.956422352 283.927736387
-27.788758739 284.539100725 27.788758739 284.454763192
-27.6206672059 284.983477823 27.6206672059 284.899343524
-27.4527803646 285.427357787 27.4527803646 285.343445698
-27.2852070056 285.954752377 27.2852070056 285.870452682
-27.1171863532 286.399221461 27.1171863532 286.315127594
-26.9493672036 286.84321655 26.9493672036 286.75934638
-26.7818925316 287.370597313 26.7818925316 287.286342334
-26.6139533066 287.815168365 26.6139533066 287.731122126
-26.4462133988 288.259286875 26.4462133988 288.175466285
-26.278848261 288.78665851 26.278848261 288.702455785
-26.111003751 289.231337529 26.111003751 289.14734678
-25.9433596234 289.675577521 25.9433596234 289.59181505
-25.7761140451 290.202950986 25.7761140451 290.118808739
-25.608378046 290.647746562 25.608378046 290.563819908
-25.4408425414 291.092120575 25.4408425414 291.008425276
-25.2737296653 291.619500743 25.2737296653 291.535427993
-25.1061174435 292.06442142 25.1061174435 291.980568266
-24.9387088786 292.508930982 24.9387088786 292.425312894
-24.7717414694 293.036328244 24.7717414694 292.952334836
-24.6042691013 293.481385016 24.6042691013 293.397615647
-24.4370025939 293.926045407 24.4370025939 293.842515292
-24.270196565 294.453464697 24.270196565 294.369561422
-24.1028818323 294.898668638 24.1028818323 294.8149943
-23.935778114 295.343484574 23.935778114 295.260054332
-23.7691493147 295.870936143 23.7691493147 295.78713478
-23.6020124873 296.316297226 23.6020124873 296.232730214
-23.4350931491 296.761276866 23.4350931491 296.677959486
-23.2686589001 297.288771802 23.2686589001 297.205085231
-23.1017216669 297.734302007 23.1017216669 297.650855769
-22.9350097931 298.179455502 22.9350097931 298.096265162
-22.7687891527 298.707005352 22.7687891527 298.62344766
-22.6020734587 299.152722132 22.6020734587 299.069411375
-22.4355922293 299.598065885 22.4355922293 299.515017988
-22.2696071145 300.125679533 22.2696071145 300.042266139
-22.1031398946 300.571593833 22.1031398946 300.488434627
-21.9369179073 301.017136548 21.9369179073 300.934248092
-21.7711904066 301.544829501 21.7711904066 301.461577234
-21.6049986951 301.990959526 21.6049986951 301.907969448
-21.4390648189 302.436716956 21.4390648189 302.354006449
-21.273619951 302.964502994 21.273619951 302.881430267
-21.1077332042 303.410868384 21.1077332042 303.328066643
-20.9421209104 303.856851799 20.9421209104 303.774339576
-20.7769850865 304.384748609 20.7769850865 304.301875533
-20.6114364334 304.831368008 20.6114364334 304.748775599
-20.446181589 305.27759127 20.446181589 305.195299637
-20.281383217 305.805619166 20.281383217 305.722967718
-20.1162097909 306.252509969 20.1162097909 306.170149844
-19.9513510638 306.698989115 19.9513510638 306.616942597
-19.7869204964 307.227171923 19.7869204964 307.144766114
-19.6221608135 307.674357958 19.6221608135 307.592255201
-19.457743374 308.121100955 19.457743374 308.039326779
-19.293711864 308.649470174 19.293711864 308.567336222
-19.129408943 309.096974241 19.129408943 309.015156271
-18.9654827546 309.543986662 18.9654827546 309.462515345
-18.8018822762 310.072582819 18.8018822762 309.990749356
-18.638084137 310.520426046 18.638084137 310.43892285
-18.4747091987 310.967695838 18.4747091987 310.886563188
-18.3115687294 311.496581487 18.3115687294 311.415079769
-18.148325533 311.944792056 18.148325533 311.863636429
-17.9855786587 312.39226761 17.9855786587 312.311522209
-17.8229175508 312.921549842 17.8229175508 312.840413989
-17.6602872582 313.37014812 17.6602872582 313.28937601
-17.4983459833 313.817464154 17.4983459833 313.737387125
-17.3360898899 314.347572124 17.3360898899 314.266839374
-17.1741339277 314.796583564 17.1741339277 314.716234437
-17.0128795576 315.325038157 17.0128795576 315.244365329
-16.8512577654 315.774746 16.8512577654 315.694457
-16.6900502136 316.224175349 16.6900502136 316.144293043
-16.5294602018 316.752956538 16.5294602018 316.672750692
-16.3686094553 317.203171516 16.3686094553 317.123370649
-16.2082317698 317.653017449 16.2082317698 317.573651607
-16.0483515751 318.182204574 16.0483515751 318.102511941
-15.8883497942 318.63295167 15.8883497942 318.553687468
-15.7289140583 319.083134759 15.7289140583 319.004349502
-15.5697691837 319.612890977 15.5697691837 319.533761898
-15.4107015547 320.064192828 15.4107015547 319.985518597
-15.252485403 320.593072945 15.252485403 320.514101692
-15.0939428921 321.045139298 15.0939428921 320.966628652
-14.9359059169 321.497004068 14.9359059169 321.418979069
-14.7785995713 322.026342167 14.7785995713 321.948020576
-14.6211219157 322.479076116 14.6211219157 322.401243795
-14.4642378693 322.931451578 14.4642378693 322.854145644
-14.3078851632 323.461403575 14.3078851632 323.383793794
-14.1515741044 323.914835793 14.1515741044 323.837747452
-13.9960870896 324.36728064 13.9960870896 324.290892176
-13.8406182559 324.898409835 13.8406182559 324.82157949
-13.6855976381 325.352525689 13.6855976381 325.276254631
-13.531386333 325.882422736 13.531386333 325.805878657
-13.3771033979 326.337497385 13.3771033979 326.261520258
-13.2235370079 326.792172503 13.2235370079 326.716810413
-13.0704883224 327.322912551 13.0704883224 327.247262564
-12.9176654527 327.778808358 12.9176654527 327.703765874
-12.7658122275 328.30891482 12.7658122275 328.23362155
-12.6138719377 328.765778817 12.6138719377 328.69110595
-12.4626811286 329.222389448 12.4626811286 329.148377934
-12.3121822645 329.75336357 12.3121822645 329.679093759
-12.1618999728 330.211166415 12.1618999728 330.137562056
-12.0126766373 330.741676795 12.0126766373 330.667841941
-11.8634207439 331.200504927 11.8634207439 331.127351904
-11.7149938458 331.659097499 11.7149938458 331.586670815
-11.5673035453 332.190609054 11.5673035453 332.117942975
-11.4199336013 332.65046666 11.4199336013 332.578533576
-11.2736439879 333.181579123 11.2736439879 333.109434765
-11.127446811 333.642554781 11.127446811 333.571162276
-10.9822271423 334.103096488 10.9822271423 334.032524063
-10.8376084047 334.635553026 10.8376084047 334.564739957
-10.6935610764 335.09759376 10.6935610764 335.027593317
-10.550523078 335.629564435 10.550523078 335.559368891
-10.4077952075 336.092857008 10.4077952075 336.023493395
-10.2663063913 336.624668167 10.2663063913 336.555128681
-10.1249910555 337.089160856 10.1249910555 337.020477792
-9.98478948293 337.553205766 9.98478948293 337.485456665
-9.84525852601 338.086619614 9.84525852601 338.018659003
-9.7064796445 338.55224876 9.7064796445 338.485217821
-9.5687178372 339.085321312 9.5687178372 339.018125238
-9.43149679066 339.552335458 9.43149679066 339.486091304
-9.29549440764 340.085343657 9.29549440764 340.018954909
-9.15992548305 340.553695654 9.15992548305 340.488286744
-9.025717432 341.086757358 9.025717432 341.021219604
-8.8918840069 341.556440214 8.8918840069 341.491912957
-8.75951819442 342.089629887 8.75951819442 342.024987728
-8.62749885307 342.560653348 8.62749885307 342.497054189
-8.49691571334 343.030792281 8.49691571334 342.96844362
-8.36689854582 343.566412232 8.36689854582 343.503788164
-8.23813879639 344.038320124 8.23813879639 343.976865724
-8.11021388618 344.573783549 8.11021388618 344.512182276
-7.98342201553 345.047198391 7.98342201553 344.986787931
-7.85757486336 345.582831634 7.85757486336 345.522301596
-7.73284771547 346.057675773 7.73284771547 345.998371654
-7.60910897561 346.593621135 7.60910897561 346.534211484
-7.48654423259 347.069801227 7.48654423259 347.011665014
-7.36494336753 347.606205809 7.36494336753 347.547966365
-7.24466150163 348.083510987 7.24466150163 348.026640488
-7.12520144328 348.620637363 7.12520144328 348.563618566
-7.00730420704 349.155970368 7.00730420704 349.098919329
-6.89000269246 349.636961973 6.89000269246 349.581214863
-6.77438760423 350.17276615 6.77438760423 350.116996785
-6.65946355622 350.655212374 6.65946355622 350.600788687
-6.54617322835 351.19154691 6.54617322835 351.137109905
-6.43369838257 351.675398226 6.43369838257 351.622350935
-6.32276591834 352.212349338 6.32276591834 352.159295586
-6.2128272959 352.697462902 6.2128272959 352.645849359
-6.10426543172 353.235194895 6.10426543172 353.18357548
-5.99706153135 353.720845647 5.99706153135 353.670844884
-5.89076658253 354.260083779 5.89076658253 354.209950179
-5.78613226866 354.797454505 5.78613226866 354.747347254
-5.6823657956 355.286958215 5.6823657956 355.2383636
-5.58020718653 355.825095233 5.58020718653 355.776531165
-5.47919049477 356.31553985 5.47919049477 356.268552918
-5.37946228932 356.854822524 5.37946228932 356.807851695
-5.28126896862 357.392935307 5.28126896862 357.346015474
-5.18397765912 357.886513743 5.18397765912 357.841188328
-5.08831027483 358.425487651 5.08831027483 358.380215387
-4.99393512632 358.919406315 4.99393512632 358.875843882
-4.90065598006 359.460069083 4.90065598006 359.416492994
-4.80899105476 359.999154047 4.80899105476 359.955647572
-4.7183983517 360.496306828 4.7183983517 360.454485537
-4.62923113135 361.036575806 4.62923113135 360.99481533
-4.54154965175 361.575915628 4.54154965175 361.534236858
-4.45486802968 362.075690045 4.45486802968 362.035727471
-4.36970335746 362.616130346 4.36970335746 362.576244827
-4.28598128707 363.15580687 4.28598128707 363.116012646
-4.20324519114 363.657952157 4.20324519114 363.619909535
-4.12202610616 364.198750421 4.12202610616 364.160793559
-4.04222553275 364.738822548 4.04222553275 364.700964459
-3.96344339661 365.243074687 3.96344339661 365.207006235
-3.88610134081 365.784393605 3.88610134081 365.748413772
-3.8101665754 366.324916462 3.8101665754 366.289040658
-3.7353555527 366.830772494 3.7353555527 366.796739608
-3.66178133918 367.372950798 3.66178133918 367.338991559
-3.58963599604 367.913997244 3.58963599604 367.880144377
-3.51880199556 368.454592678 3.51880199556 368.420853424
-3.44888134175 368.964173895 3.44888134175 368.932276489
-3.38042096892 369.505901993 3.38042096892 369.474107572
-3.31326364827 370.047026196 3.31326364827 370.015346838
-3.24727749171 370.556897569 3.24727749171 370.527196743
-3.18227717416 371.100332282 3.18227717416 371.070629629
-3.11867365424 371.642121917 3.11867365424 371.612529934
-3.05630605595 372.183439087 3.05630605595 372.153966109
-2.99502571047 372.696034427 2.99502571047 372.668515328
-2.93474825472 373.239469502 2.93474825472 373.211991211
-2.87577284223 373.781490982 2.87577284223 373.754125903
-2.81797772548 374.323063522 2.81797772548 374.295818358
-2.76132076553 374.864318503 2.76132076553 374.837189434
-2.70546315936 375.381317375 2.70546315936 375.356083207
-2.65086726998 375.923731154 2.65086726998 375.898605387
-2.5974041984 376.46562385 2.5974041984 376.440617798
-2.54502886269 377.007175184 2.54502886269 376.982284065
-2.49358624446 377.524829943 2.49358624446 377.50189365
-2.44305511905 378.068362864 2.44305511905 378.045478961
-2.39365392374 378.610705272 2.39365392374 378.587938127
-2.34530159734 379.152628506 2.34530159734 379.129977612
-2.29795037957 379.694223448 2.29795037957 379.671679626
-2.251553931 380.235525383 2.251553931 380.213079372
-2.20580527327 380.757567321 2.20580527327 380.737026103
-2.16117186708 381.300064735 2.16117186708 381.279639821
-2.11751982536 381.842119447 2.11751982536 381.821807874
-2.07479585263 382.383828392 2.07479585263 382.36361837
-2.0329506151 382.925230482 2.0329506151 382.905111501
-1.99182825247 383.447823766 1.99182825247 383.429632116
-1.95148702033 383.991078886 1.95148702033 383.972958631
-1.91209818361 384.533443932 1.91209818361 384.515441446
-1.87359451209 385.075395752 1.87359451209 385.057496847
-1.83591679669 385.61700137 1.83591679669 385.599192195
-1.79901655396 386.158299783 1.79901655396 386.140569835
-1.76285430821 386.699320141 1.76285430821 386.681661427
-1.72722423267 387.225230267 1.72722423267 387.209467689
-1.69244564994 387.767808395 1.69244564994 387.752166137
-1.65850418416 388.309864341 1.65850418416 388.294327882
-1.6253247187 388.851527282 1.6253247187 388.836077643
-1.5928505336 389.39285446 1.5928505336 389.377478695
-1.56103916599 389.933885419 1.56103916599 389.918574467
-1.52985706176 390.474649692 1.52985706176 390.45939687
-1.49925048984 391.000433664 1.49925048984 390.987212452
-1.46912644656 391.543976375 1.46912644656 391.530702582
-1.4398388491 392.08610777 1.4398388491 392.072950649
-1.41126001132 392.62775891 1.41126001132 392.61468859
-1.38331486697 393.169028698 1.38331486697 393.15602763
-1.35595457566 393.709976632 1.35595457566 393.697033957
-1.32914400628 394.250643181 1.32914400628 394.237751547
-1.30285580557 394.791057797 1.30285580557 394.778211869
-1.27706747056 395.331243017 1.27706747056 395.318438718
-1.25175976345 395.871216754 1.25175976345 395.858450845
-1.22682629684 396.401869555 1.22682629684 396.391039046
-1.20267073771 396.943711912 1.20267073771 396.932996444
-1.17912765917 397.485013108 1.17912765917 397.474373655
-1.15611394604 398.025912158 1.15611394604 398.015330212
-1.13358240424 398.566485204 1.13358240424 398.555950358
-1.11150140736 399.106780164 1.11150140736 399.096285766
-1.0898473426 399.646830067 1.0898473426 399.636371478
-1.06860128949 400.186659209 1.06860128949 400.176232984
-1.04774734644 400.726286337 1.04774734644 400.715889799
-1.02727169735 401.26572646 1.02727169735 401.255357454
-1.00716204873 401.804991941 1.00716204873 401.794648684
-0.987352966972 402.336791136 0.987352966972 402.32837143
-0.9682365647 402.878368028 0.9682365647 402.87007644
-0.949659171381 403.419249199 0.949659171381 403.411026606
-0.931514813148 403.959677968 0.931514813148 403.951503007
-0.913754561541 404.499764738 0.913754561541 404.491626886
-0.89634903651 405.039571555 0.89634903651 405.031464611
-0.87927771864 405.579138079 0.87927771864 405.571057958
-0.8625248596 406.118491943 0.8625248596 406.110435734
-0.846077597798 406.657653608 0.846077597798 406.649619122
-0.829924973 407.196638935 0.829924973 407.188624456
-0.814057361111 407.735460656 0.814057361111 407.727464794
-0.798466126112 408.274129277 0.798466126112 408.266150875
-0.783143393244 408.81265366 0.783143393244 408.804691736
-0.76808189422 409.351041419 0.76808189422 409.343095126
-0.753274857433 409.889299192 0.753274857433 409.881367789
-0.738789694895 410.423277829 0.738789694895 410.41733436
-0.724968479995 410.964026066 0.724968479995 410.958177729
-0.711539117909 411.5040474 0.711539117909 411.498246452
-0.698417522902 412.043627665 0.698417522902 412.037858444
-0.685567255505 412.582886102 0.685567255505 412.577141117
-0.672967084425 413.121886876 0.672967084425 413.116161801
-0.66060247874 413.660669803 0.66060247874 413.654961835
-0.648462445113 414.199261979 0.648462445113 414.193569151
-0.636538095298 414.737683083 0.636538095298 414.732003937
-0.624821906797 415.275948115 0.624821906797 415.27028152
-0.613307303618 415.814068943 0.613307303618 415.808413992
-0.60198840085 416.352055234 0.60198840085 416.346411182
-0.590859839962 416.889915055 0.590859839962 416.884281275
-0.579916677532 417.427655271 0.579916677532 417.422031224
-0.569154307125 417.965281814 0.569154307125 417.959667035
-0.558568402592 418.502799889 0.558568402592 418.497193964
-0.548154875734 419.040214107 0.548154875734 419.034616672
-0.537909843905 419.577528603 0.537909843905 419.571939326
-0.527829604666 420.114747108 0.527829604666 420.109165692
-0.517910615575 420.651873021 0.517910615575 420.646299193
-0.508149477784 421.188909455 0.508149477784 421.183342964
-0.49852936048 421.72174912 0.49852936048 421.718070588
-0.489568470967 422.262668926 0.489568470967 422.259184017
-0.481004522062 422.802017188 0.481004522062 422.798576048
-0.472663644506 423.340754146 0.472663644506 423.337336439
-0.464503458657 423.879113957 0.464503458657 423.875712215
-0.456504220987 424.417198872 0.456504220987 424.413809349
-0.448654087729 424.955065005 0.448654087729 424.951685489
-0.440944851672 425.492747437 0.440944851672 425.489376481
-0.433370272238 426.030270059 0.433370272239 426.026906644
-0.425925294434 426.567650166 0.425925294434 426.564293538
-0.418605637196 427.10490087 0.418605637196 427.101550445
-0.411407556725 427.642032473 0.411407556725 427.638687787
-0.404327701011 428.179053308 0.404327701011 428.175713981
-0.397363015553 428.715970273 0.397363015553 428.712635988
-0.390510679507 429.252789195 0.390510679507 429.249459681
-0.383768060859 429.789515075 0.383768060859 429.786190098
-0.377132683936 430.326152265 0.377132683936 430.322831621
-0.370602205221 430.862704603 0.370602205221 430.859388111
-0.364174394922 431.399175505 0.364174394922 431.395863001
-0.357847122616 431.935568038 0.357847122616 431.932259378
-0.351618345864 432.471884983 0.351618345864 432.468580033
-0.345486101026 433.008128875 0.345486101026 433.004827514
-0.339448495734 433.54430204 0.339448495734 433.541004156
-0.333503702642 434.080406625 0.333503702642 434.077112115
-0.327649954166 434.616444622 0.327649954166 434.613153389
-0.321885538011 435.152417884 0.321885538011 435.14912984
-0.316208793319 435.688328147 0.316208793319 435.685043206
-0.31061810733 436.224177038 0.31061810733 436.220895122
-0.305111912457 436.75996609 0.305111912457 436.756687125
-0.299688683694 437.29569675 0.299688683694 437.292420665
-0.294346936324 437.83137039 0.294346936324 437.828097118
-0.289085223853 438.36698831 0.289085223853 438.363717788
-0.283902136155 438.902551748 0.283902136155 438.899283916
-0.278796297787 439.438061885 0.278796297787 439.434796685
-0.273766366457 439.973519847 0.273766366457 439.970257224
-0.268811031614 440.508926713 0.268811031614 440.505666614
-0.263929013158 441.044283516 0.263929013158 441.041025891
-0.259119060245 441.57959125 0.259119060245 441.57633605
-0.25437995018 442.114850867 0.25437995018 442.111598045
-0.249712611738 442.647792669 0.249712611738 442.646508498
-0.245863506864 443.187987205 0.245863506864 443.186850035
-0.242253513455 443.725823722 0.242253513456 443.724702688
-0.238744714476 444.263001529 0.238744714476 444.261888321
-0.235313462972 444.799807133 0.235313462972 444.79869895
-0.231949635476 445.336356321 0.231949635476 445.335251819
-0.228647490884 445.872709947 0.228647490884 445.871608353
-0.225403224276 446.408904862 0.225403224276 446.407805685
-0.222214046935 446.944965507 0.222214046935 446.943868407
-0.219077767426 447.480909161 0.219077767426 447.479813893
-0.215992575183 448.016748633 0.215992575183 448.01565501
-0.212956918118 448.552493779 0.212956918118 448.551401657
-0.20996942848 449.08815241 0.20996942848 449.087061671
-0.20702887544 449.623730868 0.20702887544 449.622641417
-0.204134133405 450.159234412 0.204134133405 450.158146168
-0.201284160054 450.694667473 0.201284160054 450.693580369
-0.198477980632 451.230033846 0.198477980632 451.228947823
-0.195714676412 451.76533682 0.195714676412 451.764251827
-0.192993376026 452.300579279 0.192993376026 452.29949527
-0.190313248799 452.835763776 0.190313248799 452.834680711
-0.187673499552 453.370892592 0.187673499552 453.369810436
-0.185073364458 453.905967782 0.185073364458 453.904886502
-0.182512107702 454.440991208 0.182512107702 454.439910774
-0.179989018752 454.975964568 0.179989018752 454.974884954
-0.177503410088 455.510889423 0.177503410088 455.509810603
-0.175054615307 456.045767211 0.175054615307 456.044689162
-0.172641987511 456.580599263 0.172641987511 456.579521964
-0.17026489793 457.115386822 0.17026489793 457.114310253
-0.167922734734 457.650131045 0.167922734734 457.649055187
-0.165614901991 458.184833018 0.165614901992 458.183757855
-0.163340818763 458.719493765 0.163340818763 458.718419278
-0.161099918291 459.254114247 0.161099918291 459.253040423
-0.158891647285 459.788695379 0.158891647285 459.787622201
-0.156715465274 460.323238023 0.156715465274 460.322165479
-0.154570844026 460.857743003 0.154570844026 460.856671078
-0.152457267024 461.392211101 0.152457267024 461.391139783
-0.150374228978 461.926643065 0.150374228979 461.925572342
-0.148321235393 462.461039609 0.148321235393 462.45996947
-0.146297802155 462.995401419 0.146297802155 462.994331851
-0.144303455159 463.529729151 0.144303455159 463.528660144
-0.142337729964 464.064023436 0.142337729964 464.062954981
-0.140400171462 464.598284882 0.140400171462 464.597216968
-0.138490333582 465.132514074 0.138490333582 465.131446691
-0.136607779002 465.666711576 0.136607779002 465.665644716
-0.134752078882 466.200877934 0.134752078882 466.199811587
-0.132922812613 466.735013674 0.132922812613 466.733947832
-0.131119567582 467.269119306 0.131119567582 467.268053961
-0.129341938942 467.803195325 0.129341938942 467.802130468
-0.127589529402 468.337242209 0.127589529402 468.336177832
-0.125861949022 468.871260423 0.125861949022 468.870196519
-0.12415881502 469.405250419 0.12415881502 469.40418698
-0.122479751588 469.939212633 0.122479751588 469.938149653
-0.120824389713 470.473147494 0.120824389713 470.472084965
-0.119192367012 471.007055416 0.119192367012 471.005993331
-0.117583327565 471.540936802 0.117583327565 471.539875155
-0.115996921766 472.074792047 0.115996921766 472.073730832
-0.114432806165 472.608621534 0.114432806165 472.607560744
-0.112890643332 473.142425638 0.112890643332 473.141365267
-0.111370101716 473.676204724 0.111370101716 473.675144766
-0.109870855508 474.209959148 0.109870855508 474.208899596
-0.108392584517 474.743689258 0.108392584517 474.742630108
-0.106934974045 475.277395396 0.106934974045 475.276336642
-0.105497714763 475.811077893 0.105497714763 475.810019529
-0.1040805026 476.344737075 0.1040805026 476.343679097
-0.102683038626 476.878373261 0.102683038626 476.877315663
-0.101305028945 477.411986763 0.101305028945 477.410929539
-0.0999461845897 477.945577885 0.0999461845897 477.94452103
-0.0986062214176 478.479146926 0.0986062214176 478.478090436
-0.0972848600129 479.012694179 0.097284860013 479.011638049
-0.0959818255895 479.546219931 0.0959818255895 479.545164156
-0.0946968478968 480.079724464 0.0946968478969 480.078669039
-0.0934296611293 480.613208052 0.0934296611294 480.612152974
-0.0921800038374 481.146670968 0.0921800038374 481.145616231
-0.0909476188413 481.680113476 0.0909476188413 481.679059076
-0.0897322531474 482.213535836 0.0897322531475 482.212481769
-0.0885336578668 482.746938306 0.0885336578668 482.745884567
-0.0873515881349 483.280321135 0.087351588135 483.279267721
-0.0861858030352 483.81368457 0.0861858030352 483.812631476
-0.0850360655227 484.347028854 0.0850360655227 484.345976077
-0.0839021423511 484.880354224 0.0839021423511 484.879301759
-0.0827838040005 485.413660915 0.0827838040006 485.412608759
-0.0816808246081 485.946949156 0.0816808246082 485.945897305
-0.0805929818991 486.480219174 0.0805929818992 486.479167624
-0.0795200571208 487.01347119 0.0795200571208 487.012419937
-0.0784618349769 487.546705424 0.078461834977 487.545654465
-0.0774181035647 488.079922089 0.0774181035648 488.07887142
-0.0763886543126 488.613121398 0.0763886543126 488.612071016
-0.0753732819193 489.146303558 0.0753732819194 489.14525346
-0.0743717842954 489.679468775 0.0743717842954 489.678418956
-0.0733839625048 490.212617249 0.0733839625048 490.211567707
-0.0724096207083 490.74574918 0.0724096207083 490.744699912
-0.0714485661087 491.278864762 0.0714485661087 491.277815764
-0.0705006088962 491.811964188 0.0705006088962 491.810915457
-0.0695655621959 492.345047647 0.0695655621959 492.34399918
-0.0686432420159 492.878115325 0.0686432420159 492.877067119
-0.0677334671966 493.411167407 0.0677334671966 493.410119459
-0.0668360593615 493.944204073 0.0668360593616 493.943156379
-0.0659508428685 494.477225502 0.0659508428686 494.47617806
-0.0650776447625 495.010231869 0.0650776447625 495.009184676
-0.0642162947288 495.543223347 0.0642162947288 495.542176401
-0.063366625048 496.076200108 0.0633666250481 496.075153404
-0.0625284705513 496.609162319 0.0625284705513 496.608115856
-0.0617016685765 497.142110146 0.0617016685765 497.141063921
-0.060886058926 497.675043753 0.0608860589261 497.673997762
-0.0600814838245 498.2079633 0.0600814838246 498.206917542
-0.0592877878781 498.740868948 0.0592877878781 498.73982342
-0.0585048180339 499.273760851 0.0585048180339 499.272715551
-0.0577324235411 499.806639167 0.0577324235411 499.80559409
-0.0569704559122 500.339504045 0.0569704559122 500.338459191
-0.0562187688849 500.872355638 0.0562187688849 500.871311004
-0.0554772183854 501.405194094 0.0554772183854 501.404149677
-0.0547456624919 501.938019559 0.0547456624919 501.936975356
-0.0540239613991 502.470832177 0.0540239613991 502.469788187
-0.0533119773829 503.003632091 0.0533119773829 503.002588311
-0.0526095747664 503.536419442 0.0526095747665 503.535375869
-0.0519166198865 504.069194368 0.0519166198865 504.068151001
-0.0512329810601 504.601957007 0.0512329810601 504.600913843
-0.0505585285529 505.134707494 0.0505585285529 505.133664531
-0.0498931345467 505.667445963 0.0498931345467 505.666403199
-0.0492366731088 506.200172545 0.0492366731088 506.199129977
-0.0485890201611 506.73288737 0.0485890201611 506.731844997
-0.0479500534505 507.265590568 0.0479500534505 507.264548387
-0.0473196525192 507.798282264 0.0473196525192 507.797240273
-0.0466976986759 508.330962585 0.0466976986759 508.329920782
-0.0460840749675 508.863631653 0.0460840749675 508.862590037
-0.0454786661511 509.396289592 0.0454786661511 509.395248159
-0.0448813586671 509.928936522 0.0448813586671 509.927895271
-0.0442920406118 510.461572562 0.0442920406118 510.460531491
-0.0437106017115 510.994197829 0.0437106017115 510.993156937
-0.0431369332967 511.526812441 0.0431369332967 511.525771725
-0.0425709282762 512.059416512 0.0425709282762 512.05837597
-0.0420124811129 512.592010156 0.0420124811129 512.590969786
-0.0414614877987 513.124593484 0.0414614877987 513.123553285
-0.0409178458308 513.657166608 0.0409178458308 513.656126578
-0.0403814541879 514.189729637 0.0403814541879 514.188689774
-0.0398522133072 514.722282679 0.0398522133072 514.721242981
-0.0393300250613 515.254825842 0.0393300250613 515.253786307
-0.0388147927363 515.787359231 0.0388147927363 515.786319858
-0.0383064210093 516.31988295 0.0383064210093 516.318843737
-0.0378048159271 516.852397102 0.0378048159271 516.851358047
-0.0373098848848 517.384901791 0.0373098848848 517.383862892
-0.0368215366051 517.917397115 0.0368215366051 517.916358371
-0.0363396811177 518.449883176 0.0363396811177 518.448844585
-0.0358642297392 518.982360071 0.0358642297392 518.981321632
-0.0353950950533 519.514827898 0.0353950950533 519.513789609
-0.0349321908911 520.047286754 0.0349321908911 520.046248613
-0.0344754323124 520.579736732 0.0344754323124 520.578698739
-0.0340247355867 521.112177929 0.0340247355867 521.11114008
-0.0335800181746 521.644610436 0.0335800181747 521.643572731
-0.0331411987099 522.177034345 0.0331411987099 522.175996782
-0.0327081969813 522.709449748 0.0327081969813 522.708412326
-0.0322809339155 523.241856735 0.0322809339155 523.240819452
-0.0318593315593 523.774255393 0.0318593315593 523.773218248
-0.031443313063 524.306645813 0.031443313063 524.305608804
-0.0310328026637 524.839028079 0.0310328026637 524.837991205
-0.0306277256687 525.371402279 0.0306277256687 525.370365538
-0.0302280084395 525.903768497 0.0302280084395 525.902731888
-0.029833578376 526.436126818 0.0298335783761 526.43509034
-0.0294443639008 526.968477324 0.0294443639008 526.967440975
-0.0290602944437 527.500820098 0.0290602944438 527.499783877
-0.0286813004271 528.033155222 0.0286813004271 528.032119128
-0.0283073132505 528.565482776 0.0283073132505 528.564446807
-0.0279382652764 529.09780284 0.0279382652764 529.096766994
-0.0275740898159 529.630115491 0.0275740898159 529.629079768
-0.0272147211142 530.162420809 0.0272147211143 530.161385208
-0.0268600943373 530.694718871 0.0268600943373 530.69368339
-0.0265101455578 531.227009752 0.0265101455578 531.22597439
-0.0261648117415 531.759293529 0.0261648117415 531.758258284
-0.0258240307346 532.291570275 0.0258240307347 532.290535146
-0.0254877412504 532.823840065 0.0254877412505 532.822805051
-0.0251558828564 533.356102972 0.0251558828564 533.355068072
-0.0248283959618 533.888359068 0.0248283959618 533.887324281
-0.0245052218052 534.420608425 0.0245052218052 534.419573749
-0.0241863024423 534.952851113 0.0241863024423 534.951816548
-0.023871580734 535.485087203 0.023871580734 535.484052747
-0.0235610003342 536.017316764 0.0235610003342 536.016282415
-0.023254505679 536.549539864 0.023254505679 536.548505622
-0.0229520419742 537.081756572 0.0229520419742 537.080722435
-0.0226535551851 537.613966954 0.0226535551851 537.612932922
-0.0223589920247 538.146171077 0.0223589920247 538.145137148
-0.0220682999428 538.678369006 0.0220682999428 538.677335181
-0.021781427116 539.210560808 0.021781427116 539.209527084
-0.0214983224361 539.742746546 0.0214983224361 539.741712922
-0.0212189355006 540.274926284 0.0212189355006 540.27389276
-0.020943216602 540.807100086 0.020943216602 540.806066659
-0.0206711167177 541.339268013 0.0206711167178 541.338234684
-0.0204025875005 541.871430128 0.0204025875005 541.870396895
-0.0201375812683 542.403586492 0.0201375812683 542.402553354
-0.0198760509948 542.935737165 0.0198760509948 542.934704121
-0.0196179503001 543.467882207 0.0196179503001 543.466849256
-0.0193632334411 544.000021679 0.0193632334411 543.99898882
-0.0191118553028 544.532155637 0.0191118553028 544.53112287
-0.0188637713887 545.064284142 0.0188637713887 545.063251464
-0.0186189378124 545.596407249 0.0186189378124 545.595374661
-0.0183773112885 546.128525017 0.0183773112885 546.127492517
-0.0181388491242 546.660637502 0.0181388491242 546.659605089
-0.0179035092108 547.192744759 0.0179035092108 547.191712432
-0.0176712500153 547.724846843 0.0176712500153 547.723814603
-0.0174420305721 548.256943811 0.0174420305721 548.255911655
-0.0172158104751 548.789035715 0.0172158104751 548.788003643
-0.0169925498694 549.32112261 0.0169925498694 549.32009062
-0.016772209444 549.853204548 0.016772209444 549.852172641
-0.0165547504233 550.385281583 0.0165547504233 550.384249756
-0.0163401345603 550.917353765 0.0163401345603 550.916322019
-0.0161283241283 551.449421148 0.0161283241283 551.448389481
-0.0159192819144 551.981483781 0.0159192819144 551.980452193
-0.0157129712113 552.513541716 0.0157129712113 552.512510206
-0.0155093558107 553.045595003 0.0155093558107 553.044563569
-0.0153083999963 553.57764369 0.0153083999963 553.576612333
-0.0151100685365 554.109687828 0.0151100685365 554.108656545
-0.0149143266777 554.641727464 0.0149143266777 554.640696256
-0.0147211401376 555.173762647 0.0147211401376 555.172731513
-0.0145304750985 555.705793425 0.0145304750985 555.704762363
-0.014342298201 556.237819844 0.014342298201 556.236788855
-0.0141565765371 556.769841952 0.0141565765371 556.768811034
-0.0139732776441 557.301859794 0.0139732776441 557.300828947
-0.0137923694984 557.833873417 0.0137923694984 557.832842639
-0.0136138205094 558.365882866 0.0136138205094 558.364852157
-0.0134375995131 558.897888185 0.0134375995131 558.896857545
-0.0132636757665 559.42988942 0.0132636757665 559.428858847
-0.0130920189413 559.961886614 0.0130920189413 559.960856108
-0.0129225991185 560.493879811 0.0129225991185 560.492849371
-0.0127553867826 561.025869054 0.0127553867826 561.024838679
-0.0125903528156 561.557854386 0.0125903528156 561.556824076
-0.0124274684921 562.089835849 0.0124274684921 562.088805603
-0.012266705473 562.621813486 0.012266705473 562.620783303
-0.012108035801 563.153787338 0.012108035801 563.152757217
-0.0119514318947 563.685757445 0.0119514318947 563.684727387
-0.0117968665433 564.21772385 0.0117968665433 564.216693853
-0.0116443129021 564.749686591 0.0116443129021 564.748656655
-0.0114937444867 565.28164571 0.0114937444867 565.280615834
-0.0113451351683 565.813601246 0.0113451351683 565.812571428
-0.0111984591689 566.345553238 0.0111984591689 566.344523479
-0.0110536910563 566.877501724 0.0110536910563 566.876472023
-0.0109108057391 567.409446744 0.0109108057391 567.408417101
-0.0107697784625 567.941388336 0.0107697784625 567.940358749
-0.010630584803 568.473326537 0.010630584803 568.472297006
-0.0104932006645 569.005261385 0.0104932006645 569.00423191
-0.0103576022731 569.537192916 0.0103576022731 569.536163496
-0.0102237661733 570.069121168 0.0102237661733 570.068091802
-0.0100916692232 570.601046177 0.0100916692232 570.600016864
-0.00996128859017 571.132967979 0.00996128859017 571.131938719
-0.00983260174683 571.664886609 0.00983260174683 571.663857401
-0.00970558646668 572.196802102 0.00970558646668 572.195772947
-0.00958022081999 572.728714495 0.00958022081999 572.727685391
-0.00945648316978 573.260623821 0.00945648316978 573.259594768
-0.0093343521677 573.792530115 0.0093343521677 573.791501111
-0.00921380675017 574.32443341 0.00921380675017 574.323404457
-0.00909482613439 574.856333741 0.00909482613439 574.855304837
-0.00897738981455 575.388231141 0.00897738981455 575.387202285
-0.008861477558 575.920125643 0.00886147755801 575.919096835
-0.00874706940154 576.452017279 0.00874706940154 576.450988518
-0.00863414564768 576.983906083 0.00863414564769 576.982877369
-0.00852268686109 577.515792086 0.00852268686109 577.514763418
-0.00841267386493 578.047675319 0.00841267386493 578.046646697
-0.00830408773738 578.579555815 0.00830408773738 578.578527239
-0.00819690980813 579.111433606 0.00819690980813 579.110405073
-0.00809112165496 579.64330872 0.00809112165496 579.642280232
-0.00798670510035 580.175181191 0.00798670510036 580.174152746
-0.00788364220817 580.707051046 0.00788364220817 580.706022646
-0.00778191528034 581.238918318 0.00778191528034 581.23788996
-0.00768150685365 581.770783036 0.00768150685365 581.76975472
-0.00758239969652 582.302645228 0.00758239969653 582.301616954
-0.00748457680589 582.834504925 0.00748457680589 582.833476692
-0.00738802140407 583.366362155 0.00738802140407 583.365333963
-0.00729271693572 583.898216948 0.00729271693572 583.897188796
-0.0071986470648 584.430069331 0.00719864706481 584.429041219
-0.00710579567164 584.961919332 0.00710579567164 584.96089126
-0.00701414684994 585.493766981 0.00701414684994 585.492738947
-0.00692368490394 586.025612303 0.00692368490394 586.024584307
-0.00683439434554 586.557455327 0.00683439434554 586.556427369
-0.00674625989148 587.08929608 0.00674625989149 587.08826816
-0.00665926646061 587.621134588 0.00665926646061 587.620106705
-0.00657339917109 588.152970879 0.00657339917109 588.151943032
-0.00648864333776 588.684804978 0.00648864333777 588.683777168
-0.00640498446946 589.216636912 0.00640498446946 589.215609138
-0.00632240826639 589.748466706 0.00632240826639 589.747438968
-0.00624090061755 590.280294387 0.00624090061755 590.279266683
-0.00616044759819 590.81211998 0.0061604475982 590.811092311
-0.00608103546732 591.34394351 0.00608103546732 591.342915874
-0.00600265066517 591.875765001 0.00600265066517 591.874737399
-0.00592527981081 592.407584479 0.00592527981081 592.406556911
-0.00584890969972 592.939401968 0.00584890969973 592.938374432
-0.00577352730143 593.471217492 0.00577352730143 593.470189989
-0.00569911975714 594.003031076 0.00569911975715 594.002003605
-0.00562567437746 594.534842743 0.00562567437747 594.533815303
-0.00555317864011 595.066652516 0.00555317864011 595.065625108
-0.00548162018765 595.59846042 0.00548162018765 595.597433043
-0.00541098682533 596.130266476 0.00541098682533 596.12923913
-0.00534126651884 596.662070709 0.00534126651885 596.661043393
-0.00527244739222 597.193873141 0.00527244739222 597.192845855
-0.00520451772566 597.725673795 0.00520451772566 597.724646537
-0.00513746595349 598.257472692 0.0051374659535 598.256445463
-0.00507128066207 598.789269854 0.00507128066207 598.788242655
-0.00500595058773 599.321065305 0.00500595058773 599.320038133
-0.00494146461482 599.852859065 0.00494146461483 599.851831921
-0.00487781177371 600.384651155 0.00487781177371 600.38362404
