-119.865367804 0.740295293325 119.865367804 0.691954220243
-119.751919572 1.33843690632 119.751919572 1.28694340042
-119.639512028 1.8639122256 119.639512028 1.81349574869
-119.527900172 2.42699311288 119.527900172 2.37439077286
-119.415485396 2.93156057534 119.415485396 2.87971182297
-119.303077804 3.48199543594 119.303077804 3.4283549803
-119.189696218 3.97587589442 119.189696218 3.92286270738
-119.076049949 4.51950138182 119.076049949 4.4649209544
-118.961516996 5.00640633952 118.961516996 4.95239026204
-118.846529186 5.54579331133 118.846529186 5.4903528817
-118.730845653 6.02750049278 118.730845653 5.97260448105
-118.614494515 6.56411485795 118.614494515 6.50787825925
-118.497788629 7.04128452229 118.497788629 6.98581817969
-118.38000643 7.5764077424 118.38000643 7.51942678963
-118.262178974 8.10854610062 118.262178974 8.05042989403
-118.14315301 8.58394030721 118.14315301 8.52625790357
-118.024154264 9.11450158071 118.024154264 9.05574155354
-117.904027334 9.58760257586 117.904027334 9.52925485027
-117.7839058 10.1169053582 117.7839058 10.0575280119
-117.662720142 10.5880494433 117.662720142 10.5290672159
-117.54152354 11.1163239214 117.54152354 11.0563528659
-117.419320967 11.5857662088 117.419320967 11.5261761457
-117.29709447 12.1131860255 117.29709447 12.0526423581
-117.173909666 12.5811463454 117.173909666 12.5209716088
-117.050697317 13.1078384046 117.050697317 13.0467411042
-116.926563691 13.574493022 116.926563691 13.5137540011
-116.802407016 14.1005548346 116.802407016 14.0389210407
-116.677354236 14.5660558733 116.677354236 14.504770634
-116.552292755 15.0915613459 116.552292755 15.0294066293
-116.426348873 15.5560361365 116.426348873 15.4942208937
-116.300419583 16.0810436601 116.300419583 16.0183822331
-116.173611503 16.544598701 116.173611503 16.4822681772
-116.046848706 17.0691562442 116.046848706 17.0060011414
-115.919198417 17.5318949328 115.919198417 17.4690625005
-115.79163503 18.0560378451 115.79163503 17.9924010994
-115.663167446 18.5180354545 115.663167446 18.4547135599
-115.534832918 19.041797887 115.534832918 18.9776906185
-115.405568589 19.5031305165 115.405568589 19.4393306532
-115.276490887 20.0265391273 115.276490887 19.9619716895
-115.146452204 20.4872637384 115.146452204 20.4229966778
-115.016656526 21.0103447828 115.016656526 20.9453268209
-114.885864623 21.4705121111 114.885864623 21.4057879263
-114.755374218 21.9932894029 114.755374218 21.9278299444
-114.623848048 22.4529482841 114.623848048 22.3877764101
-114.492467854 22.910418625 114.492467854 22.8456716333
-114.360444956 23.4346277394 114.360444956 23.3690170547
-114.228241339 23.8920954209 114.228241339 23.8268201802
-114.095692345 24.4156104968 114.095692345 24.3495693558
-113.962736046 24.8728996008 113.962736046 24.8071666874
-113.829629069 25.3959378109 113.829629069 25.3294740884
-113.695954838 25.8530091408 113.695954838 25.7868380945
-113.562288774 26.3756573993 113.562288774 26.3087785406
-113.427925101 26.8324921406 113.427925101 26.7658952356
-113.293704818 27.3548077389 113.293704818 27.2875207875
-113.158674079 27.8114054437 113.158674079 27.7443921839
-113.023907628 28.3334277781 113.023907628 28.2657394249
-112.888232564 28.7897839002 112.888232564 28.7223624984
-112.752928271 29.3115465519 112.752928271 29.2434631365
-112.616627852 29.767666351 112.616627852 29.6998441364
-112.480423769 30.222165516 112.480423769 30.1546668989
-112.343887919 30.7450818467 112.343887919 30.6768655548
-112.206984268 31.199707411 112.206984268 31.131776529
-112.070038055 31.7220615979 112.070038055 31.653457504
-111.932490635 32.1766721261 111.932490635 32.1083377132
-111.795102871 32.6986326562 111.795102871 32.6296466667
-111.656947305 33.1531622305 111.656947305 33.0844363711
-111.519108062 33.6748135912 111.519108062 33.605451275
-111.38036775 34.1292380392 111.38036775 34.0601288984
-111.241841682 34.5817840705 111.241841682 34.5130631386
-111.102771496 35.1049321663 111.102771496 35.035446454
-110.963514312 35.5579737444 110.963514312 35.4887711076
-110.824178241 36.0802715528 110.824178241 36.0104151853
-110.684304859 36.5334407182 110.684304859 36.4638466238
-110.544607565 37.0552789214 110.544607565 36.9850573111
-110.40416197 37.5084707904 110.40416197 37.4385008368
-110.264078638 38.0299741653 110.264078638 37.9593923616
-110.123090473 38.4831353485 110.123090473 38.412798102
-109.982252553 38.9347812236 109.982252553 38.8647591018
-109.841101657 39.4574771358 109.841101657 39.3867790157
-109.69961674 39.90951402 109.69961674 39.8390810674
-109.558209888 40.4315238704 109.558209888 40.3604703513
-109.416162613 40.8836965184 109.416162613 40.8128929143
-109.274431415 41.4052938657 109.274431415 41.3338898701
-109.131859584 41.857515326 109.131859584 41.78635267
-108.989509533 42.3080612815 108.989509533 42.2372524103
-108.846711424 42.831028662 108.846711424 42.7595140798
-108.703689056 43.282187953 108.703689056 43.2109373403
-108.560726818 43.8042733057 108.560726818 43.7324123751
-108.417157521 44.2556427951 108.417157521 44.1840281428
-108.273918308 44.7772702786 108.273918308 44.7050678305
-108.12984774 45.2287336345 108.12984774 45.1567684121
-107.985978032 45.6786738475 107.985978032 45.6070336897
-107.841755269 46.2015377154 107.841755269 46.1292292483
-107.697253434 46.6520627381 107.697253434 46.5800106267
-107.552884803 47.1740964603 107.552884803 47.1014502369
-107.407866559 47.6248410469 107.407866559 47.5524354167
-107.263247103 48.1464293041 107.263247103 48.0734499709
-107.117754406 48.5972880358 107.117754406 48.5245409468
-106.972393139 49.046926397 106.972393139 48.9744595463
-106.826912979 49.56947112 106.826912979 49.4963893854
-106.680993495 50.0195397257 106.680993495 49.9467037846
-106.535344576 50.5414322252 106.535344576 50.4680209961
-106.388946419 50.9916955042 106.388946419 50.9185181289
-106.242836286 51.4402518989 106.242836286 51.3674668281
-106.096217615 51.9635614044 106.096217615 51.8900518742
-105.949442009 52.4129850011 105.949442009 52.3397289801
-105.802803308 52.9351959575 105.802803308 52.8613601745
-105.655536465 53.3849171629 105.655536465 53.3113171556
-105.508707052 53.906630812 105.508707052 53.8324734509
-105.360999654 54.3565135659 105.360999654 54.2825833529
-105.213403284 54.8053400174 105.213403284 54.7316737914
-105.065817695 55.327863639 105.065817695 55.2536101651
-104.917714244 55.7770977184 104.917714244 55.70308188
-104.769989143 56.2990118586 104.769989143 56.2244401471
-104.621447417 56.7484556278 104.621447417 56.6741112227
-104.473059408 57.1967412412 104.473059408 57.1226736034
-104.324573347 57.7195522502 104.324573347 57.6448874447
-104.175660357 58.1683586471 104.175660357 58.0939328297
-104.027085718 58.6904445682 104.027085718 58.615464751
-103.877739124 59.1394978736 103.877739124 59.0647451902
-103.728578136 59.587322987 103.728578136 59.5128588096
-103.579245206 60.1103646348 103.579245206 60.035294413
-103.429545798 60.5588052088 103.429545798 60.4839743436
-103.280168222 61.0810257397 103.280168222 61.0056436862
-103.13004226 61.5297395725 103.13004226 61.4545840189
-102.980113376 61.9772200098 102.980113376 61.9023563384
-102.82999699 62.5003953088 102.82999699 62.424925211
-102.679534089 62.9485237033 102.679534089 62.8732921179
-102.529398908 63.4708395669 102.529398908 63.3950608062
-102.378517348 63.9192618818 102.378517348 63.8437084922
-102.227825022 64.3665067699 102.227825022 64.2912382295
-102.076987529 64.8897170331 102.076987529 64.813852286
-101.925777219 65.3375997398 101.925777219 65.2619712956
-101.774929474 65.8599660025 101.774929474 65.783795824
-101.623314354 66.3081420818 101.623314354 66.2321956381
-101.471866037 66.7552415819 101.471866037 66.6795666756
-101.320363352 67.2784041617 101.320363352 67.2021497597
-101.168426712 67.7260851226 101.168426712 67.6500639341
-101.016906582 68.2484673424 101.016906582 68.1719107769
-100.864581153 68.6964325932 100.864581153 68.6200977691
-100.712390373 69.1434489912 100.712390373 69.067371883
-100.560267075 69.6665136892 100.560267075 69.5898744601
-100.407624917 70.1140311313 100.407624917 70.0376215265
-100.255468877 70.6364011089 100.255468877 70.5594630105
-100.102455459 71.0841876011 100.102455459 71.0074690036
-99.9495461776 71.5311434429 99.9495461776 71.4546712264
-99.7968352541 72.0540930571 99.7968352541 71.9770736821
-99.6435082036 72.5014800485 99.6435082036 72.4246865785
-99.4904786625 72.9474328288 99.4904786625 72.8709913127
-99.3370703098 73.4714496095 99.3370703098 73.3943518069
-99.1834657482 73.9183644846 99.1834657482 73.8415040291
-99.0301954201 74.4411909671 99.0301954201 74.3637960364
-98.8762061657 74.8884693249 98.8762061657 74.8112966722
-98.7223982014 75.3347135639 98.7223982014 75.2578119175
-98.5685506199 75.8582607469 98.5685506199 75.7807882631
-98.414278562 76.3051362512 98.414278562 76.2278940958
-98.260471536 76.827843823 98.260471536 76.7500778096
-98.1058437013 77.2750285874 98.1058437013 77.1974814488
-97.951330435 77.7214067649 97.951330435 77.6441062729
-97.7970168607 78.2446551562 97.7970168607 78.1668124649
-97.642102219 78.6914978729 97.642102219 78.6138798604
-97.4874651632 79.1370324724 97.4874651632 79.0597396323
-97.3325348045 79.6611977518 97.3325348045 79.5832807552
-97.1773633151 80.1076406247 97.1773633151 80.0299578076
-97.0225831314 80.6306644568 97.0225831314 80.5524559394
-96.8670528121 81.0774724202 96.8670528121 80.9994839616
-96.7116698726 81.5234048817 96.7116698726 81.4456717086
-96.5563930111 82.0469999547 96.5563930111 81.968717639
-96.4005953522 82.4934842869 96.4005953522 82.4154281119
-96.2451809634 82.9383471965 96.2451809634 82.8607519464
-96.0892348654 83.4630979931 96.0892348654 83.3847440942
-95.9331998581 83.909198147 95.9331998581 83.8310804778
-95.7775241429 84.4324619272 95.7775241429 84.3538186914
-95.6211324767 84.8789637339 95.6211324767 84.8005409015
-95.4649039675 85.3245708575 95.4649039675 85.2464068414
-95.3087531013 85.8483960862 95.3087531013 85.76968149
-95.1521108305 86.2945947249 95.1521108305 86.2161064042
-94.9958675438 86.7391520782 94.9958675438 86.6611532494
-94.8390689697 87.2641213809 94.8390689697 87.185337421
-94.6822005987 87.709970204 94.6822005987 87.6314218888
-94.5257068279 88.2333871192 94.5257068279 88.1543163056
-94.3684930283 88.6796442142 94.3684930283 88.6007932247
-94.2114358371 89.1250535369 94.2114358371 89.0464574567
-94.0545008948 89.6489797901 94.0545008948 89.5698396597
-93.8970461422 90.0949690421 93.8970461422 90.0160539167
-93.7399038122 90.5396302064 93.7399038122 90.4610616654
-93.5824298734 91.0643971365 93.5824298734 90.9851894416
-93.4247556264 91.5100795802 93.4247556264 91.4311045498
-93.2675165395 92.0335670123 93.2675165395 91.95407529
-93.1095155511 92.4796394458 93.1095155511 92.4003661355
-92.9516501135 92.9249524982 92.9516501135 92.8459255241
-92.7940108674 93.4488726374 92.7940108674 93.3693133199
-92.6357782059 93.8947089492 92.6357782059 93.815372329
-92.4777725916 94.3395145734 92.4777725916 94.2604603853
-92.3196868292 94.8640283895 92.3196868292 94.7844029908
-92.161239325 95.309601837 92.161239325 95.2302049331
-92.0033172816 95.8330996227 92.0033172816 95.7531932878
-91.8445655736 96.2790320503 91.8445655736 96.199342166
-91.685919875 96.7243143232 91.685919875 96.6448616922
-91.5276394167 97.2481638132 91.5276394167 97.168191403
-91.3686634276 97.6938924466 91.3686634276 97.6141398605
-91.209847127 98.1388200954 91.209847127 98.05932083
-91.0511875966 98.6630986067 91.0511875966 98.5830613975
-90.8919982061 99.1086125858 90.8919982061 99.0287993773
-90.7330710818 99.5530173977 90.7330710818 99.4735051271
-90.5739796696 100.077906629 90.5739796696 99.9978059232
-90.4145908987 100.523185232 90.4145908987 100.443314096
-90.2557178618 101.046934218 90.2557178618 100.966554633
-90.0960337794 101.4925888 90.0960337794 101.41242598
-89.9364606989 101.937606567 89.9364606989 101.857681457
-89.7772575245 102.461678436 89.7772575245 102.381235208
-89.617363152 102.907157538 89.617363152 102.826934109
-89.4576276757 103.351866379 89.4576276757 103.271894456
-89.2980795775 103.876319066 89.2980795775 103.795813298
-89.1379850608 104.321612207 89.1379850608 104.241329845
-88.9781283158 104.765902064 88.9781283158 104.685903887
-88.8182009252 105.290856675 88.8182009252 105.210289464
-88.6579170836 105.735950661 88.6579170836 105.655611395
-88.4981128712 106.179274895 88.4981128712 106.099598361
-88.3376374951 106.705293518 88.3376374951 106.624665995
-88.1771767585 107.150169447 88.1771767585 107.069775992
-88.0171619509 107.67432865 88.0171619509 107.593423537
-87.8564030866 108.119636331 87.8564030866 108.038949686
-87.6957789621 108.564270488 87.6957789621 108.483826857
-87.5354606607 109.0887363 87.5354606607 109.007770501
-87.3745120511 109.533888538 87.3745120511 109.453144031
-87.2137459083 109.978232271 87.2137459083 109.897746185
-87.0531098051 110.503060691 87.0531098051 110.422035113
-86.8919793524 110.948051181 86.8919793524 110.867250208
-86.7311087907 111.39200282 86.7311087907 111.31149663
-86.5701234477 111.917304967 86.5701234477 111.83622052
-86.4088195379 112.362125341 86.4088195379 112.281269528
-86.247999201 112.805199646 86.247999201 112.725007457
-86.0865151602 113.331472555 86.0865151602 113.25033016
-85.9250470346 113.776111215 85.9250470346 113.69520259
-85.7640488677 114.300497882 85.7640488677 114.219080103
-85.6022965104 114.745571104 85.6022965104 114.664371701
-85.4406729449 115.190016605 85.4406729449 115.109057796
-85.2794079478 115.714657672 85.2794079478 115.633181561
-85.1174813311 116.159600587 85.1174813311 116.078345127
-84.9557175551 116.603822081 84.9557175551 116.522817481
-84.7941783104 117.128751186 84.7941783104 117.047217463
-84.6320829506 117.573562503 84.6320829506 117.492251998
-84.4701975111 118.01751718 84.4701975111 117.936475179
-84.308371586 118.54278373 84.308371586 118.461193124
-84.1461114172 118.987465826 84.1461114172 118.906101334
-83.9841376024 119.43106278 83.9841376024 119.350007571
-83.8219982888 119.956762015 83.8219982888 119.875115244
-83.6595810984 120.401306312 83.6595810984 120.319889027
-83.4976411369 120.844164537 83.4976411369 120.76337761
-83.3350710015 121.370686986 83.3350710015 121.288984756
-83.1725029078 121.815088902 83.1725029078 121.733620178
-83.0104347576 122.339732575 83.0104347576 122.257757159
-82.8476005734 122.784563105 82.8476005734 122.702806113
-82.6848903999 123.228809873 82.6848903999 123.147291435
-82.5225925569 123.753659555 82.5225925569 123.671628301
-82.35959874 124.198391954 82.35959874 124.11658089
-82.1967515153 124.642480775 82.1967515153 124.560914646
-82.0342238762 125.167545957 82.0342238762 125.085459464
-81.8710761784 125.612176462 81.8710761784 125.530312013
-81.7081025652 126.056087901 81.7081025652 125.97447728
-81.545341665 126.581388889 81.545341665 126.499247703
-81.3820435978 127.025919538 81.3820435978 126.944002398
-81.2189573895 127.469623703 81.2189573895 127.387974073
-81.055956691 127.995190527 81.055956691 127.912995182
-80.8925133984 128.439618709 80.8925133984 128.357649601
-80.7293262734 128.883090487 80.7293262734 128.801411701
-80.5660775204 129.408958187 80.5660775204 129.326709227
-80.4024908473 129.853289514 80.4024908473 129.771269113
-80.2392349426 130.296439145 80.2392349426 130.214763726
-80.0757139602 130.822694196 80.0757139602 130.740392119
-79.9119910405 131.266919868 79.9119910405 131.184848966
-79.7487868611 131.709371732 79.7487868611 131.628051052
-79.5848784454 132.236394703 79.5848784454 132.154039992
-79.4210221976 132.68051714 79.4210221976 132.598396522
-79.2576865568 133.205504861 79.2576865568 133.122879021
-79.0935786799 133.65006714 79.0935786799 133.567660274
-78.9295922979 134.094087514 78.9295922979 134.011917977
-78.7660706492 134.619222991 78.7660706492 134.536544251
-78.6018244516 135.063712386 78.6018244516 134.981253818
-78.4377129802 135.50762656 78.4377129802 135.42540906
-78.2740068869 136.032913419 78.2740068869 135.950182193
-78.1096243733 136.477334313 78.1096243733 136.394824482
-77.9453932861 136.921136429 77.9453932861 136.838872069
-77.7815041246 137.446578779 77.7815041246 137.363795467
-77.6169888114 137.890931401 77.6169888114 137.808370731
-77.4526407934 138.334623273 77.4526407934 138.252313181
-77.2885706759 138.860222666 77.2885706759 138.777387667
-77.1239244076 139.304511251 77.1239244076 139.22190014
-76.9594652878 139.748085226 76.9594652878 139.665730932
-76.7952152278 140.273846697 76.7952152278 140.19096038
-76.630441274 140.718071623 76.630441274 140.635410455
-76.4658737094 141.161528987 76.4658737094 141.079132097
-76.3014456639 141.687454328 76.3014456639 141.604517058
-76.1365473607 142.131615456 76.1365473607 142.048904598
-75.9718771625 142.574948021 75.9718771625 142.492511013
-75.8072713582 143.101044579 75.8072713582 143.018056691
-75.6422516703 143.545142665 75.6422516703 143.462382473
-75.4774852256 143.988340106 75.4774852256 143.905866617
-75.3127010274 144.514617904 75.3127010274 144.43157972
-75.14756084 144.958659043 75.14756084 144.875849833
-74.982706292 145.40170508 74.982706292 145.319201007
-74.817741966 145.928177566 74.817741966 145.845089396
-74.6524839536 146.372162872 74.6524839536 146.289304956
-74.4875512522 146.815035113 74.4875512522 146.732511822
-74.3224025349 147.341723813 74.3224025349 147.258585952
-74.1570291623 147.785654804 74.1570291623 147.70274848
-73.9920270406 148.228333629 73.9920270406 148.145813629
-73.826689181 148.755261319 73.826689181 148.672074059
-73.6612031045 149.199138634 73.6612031045 149.11618417
-73.4961570474 149.641551331 73.4961570474 149.559109437
-73.3306102054 150.16878924 73.3306102054 150.085552849
-73.1650136734 150.612614564 73.1650136734 150.529612216
-72.9999942793 151.138051059 72.9999942793 151.054546085
-72.8341732676 151.582308187 72.8341732676 151.499022919
-72.6684683545 152.026083516 72.6684683545 151.943033518
-72.5033189167 152.551597094 72.5033189167 152.468042955
-72.3373873469 152.995815041 72.3373873469 152.912481134
-72.1715734515 153.439549653 72.1715734515 153.356452162
-72.006297808 153.96513515 72.006297808 153.881532126
-71.8402562735 154.409319353 71.8402562735 154.325937049
-71.6743377149 154.853008628 71.6743377149 154.769863881
-71.5089385458 155.378664544 71.5089385458 155.295012874
-71.3427888699 155.822817344 71.3427888699 155.739386863
-71.176765028 156.26647015 71.176765028 156.183278229
-71.011246445 156.792190203 71.011246445 156.708490152
-70.8449907109 157.236312903 70.8449907109 157.152834456
-70.6788654037 157.679925777 70.6788654037 157.596686891
-70.5132299938 158.205708555 70.5132299938 158.121960342
-70.3468697872 158.649803826 70.3468697872 158.566277614
-70.1806420386 159.093386339 70.1806420386 159.010100508
-70.0148940128 159.619225019 70.0148940128 159.535428891
-69.8484312443 160.063294303 69.8484312443 159.979720515
-69.6821046794 160.506843196 69.6821046794 160.423510592
-69.5162466331 161.032736109 69.5162466331 160.948892271
-69.3496827246 161.476782198 69.3496827246 161.393161017
-69.1832560871 161.920307527 69.1832560871 161.836928115
-69.0172923162 162.44624735 69.0172923162 162.362356034
-68.8506290358 162.890271749 68.8506290358 162.806603349
-68.6841057884 163.33377039 68.6841057884 163.25034431
-68.518038883 163.859755238 68.518038883 163.775816635
-68.3512775132 164.303760802 68.3512775132 164.220045351
-68.1846585286 164.747236684 68.1846585286 164.663763968
-68.018491874 165.273261965 68.018491874 165.189276277
-67.8516338071 165.717251029 67.8516338071 165.633488688
-67.6849199498 166.160707924 67.6849199498 166.077188588
-67.5186569587 166.686768836 67.5186569587 166.602736259
-67.3517052233 167.130739437 67.3517052233 167.04693036
-67.184896889 167.574182446 67.184896889 167.49061651
-67.0185407891 168.100274672 67.0185407891 168.016195396
-66.8514949308 168.544233597 66.8514949308 168.460377938
-66.6845932411 168.987665339 66.6845932411 168.904052794
-66.5181475213 169.513783575 66.5181475213 169.429657789
-66.3510105439 169.957728612 66.3510105439 169.873826513
-66.1840158553 170.40115398 66.1840158553 170.317494836
-66.0174836828 170.927293849 66.0174836828 170.843121731
-65.8502567291 171.371227462 65.8502567291 171.287279065
-65.6831720392 171.814643845 65.6831720392 171.730938215
-65.5165556961 172.340803717 65.5165556961 172.256585429
-65.3492396703 172.784728973 65.3492396703 172.70073442
-65.1820655075 173.228140434 65.1820655075 173.144388329
-65.0153680944 173.75431589 65.0153680944 173.670051605
-64.8479657349 174.198230978 64.8479657349 174.114190405
-64.6807023048 174.641642463 64.6807023048 174.557843912
-64.5139267281 175.167829592 64.5139267281 175.083519478
-64.34643735 175.61174125 64.34643735 175.527654797
-64.1790856418 176.055155071 64.1790856418 175.971310087
-64.0122350274 176.581349102 64.0122350274 176.496993331
-63.8446614072 177.025255113 63.8446614072 176.941122907
-63.6772217199 177.468675635 63.6772217199 177.384784264
-63.5102988357 177.994872834 63.5102988357 177.910471568
-63.3426419217 178.438775556 63.3426419217 178.35459773
-63.1751171264 178.882199913 63.1751171264 178.798262285
-63.008123908 179.408399111 63.008123908 179.323952494
-62.8403860708 179.852297354 62.8403860708 179.768074034
-62.6727762927 180.295730227 62.6727762927 180.211746412
-62.5057152313 180.821928334 62.5057152313 180.737436522
-62.3378972763 181.265824661 62.3378972763 181.181555979
-62.1702052681 181.709263338 62.1702052681 181.625233475
-62.0030781316 182.235459474 62.0030781316 182.150922606
-61.8351807036 182.679356823 61.8351807036 182.595042914
-61.6674069467 183.122804628 61.6674069467 183.038728793
-61.5002162001 183.648995527 61.5002162001 183.564413759
-61.3322401433 184.092896085 61.3322401433 184.00853708
-61.1643852478 184.536355812 61.1643852478 184.452234087
-60.9970037748 184.978320866 60.9970037748 184.894780432
-60.8290810927 185.506440012 60.8290810927 185.422036033
-60.6611453603 185.949915312 60.6611453603 185.8657478
-60.4936121806 186.392119314 60.4936121806 186.30837846
-60.3257067862 186.9199919 60.3257067862 186.835543079
-60.1576929213 187.363479784 60.1576929213 187.279266634
-59.9900380325 187.805832975 59.9900380325 187.721984924
-59.822123594 188.333546988 59.822123594 188.249053444
-59.6540317849 188.777051263 59.6540317849 188.692792594
-59.4862600974 189.21954152 59.4862600974 189.1356115
-59.3183327407 189.747113179 59.3183327407 189.662575056
-59.1501659222 190.190629939 59.1501659222 190.106325891
-58.9822932638 190.633213114 58.9822932638 190.549218087
-58.8143424236 191.16068039 58.8143424236 191.076097796
-58.6461004881 191.604214173 58.6461004881 191.51986488
-58.4781263013 192.046895303 58.4781263013 191.962839634
-58.3101532095 192.574257974 58.3101532095 192.489631054
-58.1418370313 193.017810124 58.1418370313 192.933415703
-57.9737723927 193.460560157 57.9737723927 193.376449265
-57.8057717908 193.987838892 57.8057717908 193.903167754
-57.637383334 194.43140828 57.637383334 194.346968893
-57.4692262052 194.874236736 57.4692262052 194.790072112
-57.3011999302 195.401429202 57.3011999302 195.316713989
-57.1327399533 195.845017354 57.1327399533 195.760533127
-56.9644959777 196.287911288 56.9644959777 196.203695122
-56.7964423878 196.815026282 56.7964423878 196.730267115
-56.6279130827 197.258631178 56.6279130827 197.174102262
-56.4595864549 197.701582198 56.4595864549 197.617316029
-56.2915042679 198.228627266 56.2915042679 198.14382426
-56.12290581 198.672252086 56.12290581 198.58767862
-55.9544978233 199.115259872 55.9544978233 199.030944558
-55.7863876562 199.642236329 55.7863876562 199.557389619
-55.6177223738 200.085878466 55.6177223738 200.001260596
-55.4492339709 200.528943708 55.4492339709 200.444579999
-55.2810963096 201.055853199 55.2810963096 200.970962917
-55.1123646688 201.499514745 55.1123646688 201.414852608
-54.9437998012 201.942629579 54.9437998012 201.858218271
-54.7756341678 202.469476752 54.7756341678 202.384543017
-54.6068381972 202.913155875 54.6068381972 202.828449614
-54.4381999375 203.356315159 54.4381999375 203.271856899
-54.2700058793 203.883104496 54.2700058793 203.798127423
-54.1011457304 204.326804112 54.1011457304 204.24205387
-53.9324348926 204.770008708 53.9324348926 204.685503906
-53.7642132062 205.29674057 53.7642132062 205.211720292
-53.5952910454 205.740458268 53.5952910454 205.655664183
-53.4265081979 206.183709715 53.4265081979 206.099158759
-53.2582595384 206.710384828 53.2582595384 206.625321479
-53.089275782 207.154122532 53.089275782 207.069284745
-52.920424111 207.5974151 52.920424111 207.51281841
-52.7521484348 208.124036347 52.7521484348 208.038930044
-52.583104985 208.567792319 52.583104985 208.482910964
-52.4141870096 209.01112232 52.4141870096 208.926480267
-52.245711028 209.453088188 52.245711028 209.368947859
-52.0767811838 209.981469663 52.0767811838 209.896544884
-51.9077974891 210.424838366 51.9077974891 210.340151219
-51.7391633779 210.867129073 51.7391633779 210.78279731
-51.570307765 211.395153655 51.570307765 211.310185583
-51.4012587464 211.838562836 51.4012587464 211.75383086
-51.2325111449 212.281041924 51.2325111449 212.196622053
-51.0636877106 212.808844433 51.0636877106 212.723833199
-50.8945777054 213.252285557 50.8945777054 213.167509063
-50.7257299188 213.694914512 50.7257299188 213.610427737
-50.5569246365 214.222541061 50.5569246365 214.137486806
-50.3877539783 214.666015981 50.3877539783 214.58119519
-50.2188146742 215.108770729 50.2188146742 215.024225617
-50.0500199274 215.636247191 50.0500199274 215.55115006
-49.880789175 216.07975697 49.880789175 215.994892094
-49.7117705091 216.522604355 49.7117705091 216.438006127
-49.542978354 217.049957819 49.542978354 216.964817926
-49.373689359 217.493500467 49.373689359 217.408591732
-49.204594185 217.936434564 49.204594185 217.851785602
-49.0358017709 218.463675828 49.0358017709 218.378493313
-48.8664567009 218.907248322 48.8664567009 218.822295934
-48.6972874368 219.350264445 48.6972874368 219.265566416
-48.5284926478 219.877401981 48.5284926478 219.792176988
-48.359091862 220.321005824 48.359091862 220.236009974
-48.1898534996 220.76409213 48.1898534996 220.679346393
-48.0210538274 221.29113567 48.0210538274 221.205868328
-47.8515992573 221.734768457 47.8515992573 221.649729333
-47.6822955595 222.177916915 47.6822955595 222.093124468
-47.5134889383 222.704874769 47.5134889383 222.619565203
-47.3439823277 223.148534636 47.3439823277 223.06345242
-47.1746142412 223.591744945 47.1746142412 223.506906472
-47.0057998798 224.118621318 47.0057998798 224.033269672
-46.8362414718 224.562309966 46.8362414718 224.477184839
-46.6668125254 225.005574699 46.6668125254 224.920690827
-46.4978982935 225.447266117 46.4978982935 225.363060009
-46.3283807622 225.976090541 46.3283807622 225.890922674
-46.1588937104 226.419404653 46.1588937104 226.334475905
-45.9897653936 226.861627626 45.9897653936 226.777062839
-45.8204018576 227.389878806 45.8204018576 227.304668375
-45.6508574806 227.833242322 45.6508574806 227.748269092
-45.4816076785 228.275709843 45.4816076785 228.191045506
-45.3123073148 228.803674227 45.3123073148 228.7184214
-45.1427081229 229.247082761 45.1427081229 229.162065441
-44.9733624292 229.689718437 44.9733624292 229.604986462
-44.8041004782 230.217474793 44.8041004782 230.132179732
-44.6344486776 230.660924876 44.6344486776 230.575863814
-44.4650173799 231.103699365 44.4650173799 231.018909669
-44.2957828608 231.631283031 44.2957828608 231.545945913
-44.1260789361 232.07477547 44.1260789361 231.989670959
-43.9565749813 232.517652946 43.9565749813 232.432810979
-43.7873583019 233.045095173 43.7873583019 232.959716148
-43.6176040934 233.488627561 43.6176040934 233.4034799
-43.4480310187 233.931599643 43.4480310187 233.84670798
-43.2788279674 234.458914643 43.2788279674 234.373493891
-43.1090256198 234.902483611 43.1090256198 234.817293069
-42.9393862802 235.345543926 42.9393862802 235.260604322
-42.7701937191 235.872742605 42.7701937191 235.787280309
-42.6003435923 236.316349245 42.6003435923 236.231116078
-42.4306430993 236.759485306 42.4306430993 236.674499129
-42.2614578379 237.286578823 42.2614578379 237.201075157
-42.0915618365 237.730220456 42.0915618365 237.644944914
-41.9218040235 238.173423752 41.9218040235 238.088392016
-41.7526234481 238.700421496 41.7526234481 238.614876633
-41.5826832874 239.144096031 41.5826832874 239.058778358
-41.4128713979 239.587359876 41.4128713979 239.502283371
-41.243468603 240.029389117 41.243468603 239.944743551
-41.0737107057 240.557975312 41.0737107057 240.472615748
-40.9038475776 241.001294275 40.9038475776 240.916173646
-40.7342965696 241.443674159 40.7342965696 241.358875903
-40.5646452016 241.971861715 40.5646452016 241.886460512
-40.3947317358 242.41523534 40.3947317358 242.330071098
-40.2250790334 242.85782398 40.2250790334 242.772949836
-40.0554889258 243.385755393 40.0554889258 243.300312795
-39.8855277123 243.829178997 39.8855277123 243.743971637
-39.7157923057 244.271921021 39.7157923057 244.186987356
-39.5462449196 244.799654876 39.5462449196 244.714171131
-39.3762363846 245.243129476 39.3762363846 245.157879434
-39.206427141 245.686000112 39.206427141 245.601013337
-39.0369133655 246.213565495 39.0369133655 246.128040874
-38.8668619116 246.65708187 38.8668619116 246.571789573
-38.6969893483 247.100053152 38.6969893483 247.015017233
-38.5275004138 247.627478484 38.5275004138 247.541913234
-38.3574059328 248.071039379 38.3574059328 247.985705231
-38.18747365 248.51410292 38.18747365 248.429019927
-38.0180056953 249.041401198 38.0180056953 248.955795615
-37.8478704546 249.485003081 37.8478704546 249.399627474
-37.677883459 249.928147111 37.677883459 249.843018656
-37.5084326116 250.455331599 37.5084326116 250.369685976
-37.33825686 250.898976208 37.33825686 250.813559543
-37.1682174089 251.342196527 37.1682174089 251.257023742
-36.9987223279 251.783774227 36.9987223279 251.699366146
-36.8285692341 252.312954874 36.8285692341 252.227497543
-36.6584828752 252.756239176 36.6584828752 252.671023127
-36.4887465297 253.198479328 36.4887465297 253.113618579
-36.3188097677 253.726941481 36.3188097677 253.641443906
-36.148677767 254.170288814 36.148677767 254.085030296
-35.9788264033 254.612801535 35.9788264033 254.527844521
-35.8089806952 255.140937542 35.8089806952 255.055400154
-35.6388060823 255.584342611 35.6388060823 255.499042393
-35.4688693555 256.027040195 35.4688693555 255.942019522
-35.2990854137 256.554942474 35.2990854137 256.469365729
-35.1288690181 256.998405921 35.1288690181 256.913064708
-34.9588626787 257.44124422 34.9588626787 257.356170214
-34.7891261119 257.968958874 34.7891261119 257.883343256
-34.6188724911 258.412472042 34.6188724911 258.327090548
-34.4488031563 258.855434518 34.4488031563 258.770312033
-34.2791060992 259.382987555 34.2791060992 259.297333598
-34.1088160876 259.826551458 34.1088160876 259.741130374
-33.9386943964 260.269611144 33.9386943964 260.184443478
-33.7690296787 260.797026921 33.7690296787 260.711335174
-33.5987072524 261.240635191 33.5987072524 261.155175237
-33.4285359508 261.683787934 33.4285359508 261.598577139
-33.2589000938 262.211079514 33.2589000938 262.125350603
-33.0885460015 262.654733975 33.0885460015 262.569235899
-32.9183305188 263.097968504 32.9183305188 263.012716298
-32.7486611466 263.539567348 32.7486611466 263.455081947
-32.5783371985 264.068846516 32.5783371985 263.98331111
-32.4080818809 264.512155263 32.4080818809 264.426863121
-32.2381777032 264.954429537 32.2381777032 264.869491614
-32.0680853226 265.48297386 32.0680853226 265.397401972
-31.897792048 265.926356265 31.897792048 265.841025506
-31.7277788574 266.368919476 31.7277788574 266.283889489
-31.5577923845 266.897123804 31.5577923845 266.811516365
-31.3874673012 267.340568568 31.3874673012 267.255200525
-31.217379929 267.7833207 31.217379929 267.698232649
-31.0474670268 268.311289333 31.0474670268 268.22564733
-30.877113219 268.754794177 30.877113219 268.669390164
-30.7069644646 269.197702613 30.7069644646 269.112566706
-30.53711264 269.725478209 30.53711264 269.639802757
-30.3667319259 270.169044324 30.3667319259 270.083605687
-30.1965362656 270.612073665 30.1965362656 270.526895808
-30.0267360272 271.139690526 30.0267360272 271.053982824
-29.8563317423 271.58331613 29.8563317423 271.497844314
-29.6860947039 272.026457521 29.6860947039 271.941241291
-29.5163421034 272.553933316 29.5163421034 272.468194724
-29.3459197438 272.997611798 29.3459197438 272.912108343
-29.1756480597 273.440854386 29.1756480597 273.355602817
-29.0059397277 273.968205998 29.0059397277 273.882438006
-28.8355011222 274.411940898 28.8355011222 274.326407488
-28.6652035806 274.855269372 28.6652035806 274.769985182
-28.4953530054 275.297291194 28.4953530054 275.212503465
-28.3250858781 275.826303104 28.3250858781 275.740741582
-28.1547658834 276.269717881 28.1547658834 276.184403551
-27.9847754135 276.712188459 27.9847754135 276.627208598
-27.8146833442 277.240702395 27.8146833442 277.155114782
-27.6443462333 277.684200108 27.6443462333 277.598858228
-27.4742801874 278.126932244 27.4742801874 278.041888059
-27.3043016035 278.655149305 27.3043016035 278.569537865
-27.1339551652 279.098721402 27.1339551652 279.013354685
-26.9638398749 279.541649005 26.9638398749 279.456563478
-26.7939535638 280.069645782 26.7939535638 279.984013022
-26.6236014301 280.513296091 26.6236014301 280.427907405
-26.4534568145 280.956375587 26.4534568145 280.871259092
-26.2836519612 281.484198032 26.2836519612 281.398546738
-26.1133016395 281.927922242 26.1133016395 281.842514742
-25.9431391899 282.371137158 25.9431391899 282.285996261
-25.7734115376 282.898812606 25.7734115376 282.813145905
-25.6030690749 283.342611927 25.6030690749 283.257189065
-25.4328991983 283.785951175 25.4328991983 283.700791352
-25.2632476298 284.313499292 25.2632476298 284.227820693
-25.0929196245 284.757375523 25.0929196245 284.671941119
-24.9227520734 285.200832383 24.9227520734 285.115658808
-24.7531776409 285.728268426 24.7531776409 285.642581864
-24.5828712755 286.172224158 24.5828712755 286.086782464
-24.4127156501 286.61579506 24.4127156501 286.530612978
-24.2429811997 287.058193269 24.2429811997 286.973444979
-24.0729442931 287.58717012 24.0729442931 287.501725884
-23.9028124378 288.030848607 23.9028124378 287.945663597
-23.7330100955 288.473642706 23.7330100955 288.388794918
-23.5631642117 289.002220829 23.5631642117 288.916779353
-23.3930657638 289.446009764 23.3930657638 289.360827809
-23.2232518591 289.889059913 23.2232518591 289.804188319
-23.0535573255 290.417390854 23.0535573255 290.331958084
-22.8835046182 290.861289702 22.8835046182 290.776117395
-22.713705135 291.304554196 22.713705135 291.219679824
-22.5441527902 291.832697815 22.5441527902 291.74728044
-22.3741572806 292.276712183 22.3741572806 292.191556796
-22.2043928839 292.720170369 22.2043928839 292.635306606
-22.0349825984 293.248162866 22.0349825984 293.162768411
-21.8650587846 293.692294998 21.8650587846 293.607164637
-21.6953529344 294.135924657 21.6953529344 294.051083343
-21.5260871647 294.663799425 21.5260871647 294.578436317
-21.3562501073 295.108055535 21.3562501073 295.022959269
-21.1866197783 295.551858627 21.1866197783 295.467050869
-21.0175073682 296.07963453 21.0175073682 295.994312292
-20.8477723104 296.524025658 20.8477723104 296.438973644
-20.6782382251 296.968000097 20.6782382251 296.883237704
-20.5092903579 297.495695041 20.5092903579 297.410424385
-20.339677551 297.940226033 20.339677551 297.85522967
-20.1702605451 298.384376972 20.1702605451 298.299672725
-20.0014911825 298.912007274 20.0014911825 298.826800259
-19.8320208917 299.356690088 19.8320208917 299.271762193
-19.6627457769 299.801019841 19.6627457769 299.716387837
-19.4939549793 300.244154138 19.4939549793 300.16002033
-19.3248658595 300.773451642 19.3248658595 300.688606638
-19.1557570514 301.217972398 19.1557570514 301.133428215
-18.9870626441 301.661544477 18.9870626441 301.577404823
-18.8182838843 302.190548795 18.8182838843 302.105802904
-18.6493699689 302.635271615 18.6493699689 302.550832698
-18.4808374751 303.079181434 18.4808374751 302.995122794
-18.3123557265 303.608024195 18.3123557265 303.523395687
-18.1436659115 304.052969438 18.1436659115 303.96865529
-17.9753390891 304.497197396 17.9753390891 304.413255505
-17.8071688745 305.025933988 17.8071688745 304.941443454
-17.6387398724 305.471114338 17.6387398724 305.386946894
-17.4706660854 305.915645624 17.4706660854 305.83185109
-17.3028277541 306.444326742 17.3028277541 306.359997347
-17.1346971499 306.889766621 17.1346971499 306.805770509
-16.9669240408 307.334601681 16.9669240408 307.250984212
-16.7994463969 307.863266123 16.7994463969 307.779123966
-16.6316596168 308.308984771 16.6316596168 308.22518772
-16.4642361689 308.754137991 16.4642361689 308.670729076
-16.2971546048 309.282820298 16.2971546048 309.19889478
-16.1297577869 309.728852155 16.1297577869 309.645285327
-15.962737856 310.174342833 15.962737856 310.091176879
-15.7960946699 310.703074055 15.7960946699 310.619398291
-15.6291430485 311.149448754 15.6291430486 311.066147235
-15.462587539 311.595297603 15.462587539 311.512413198
-15.2964298309 312.124114218 15.2964298309 312.04072548
-15.1299858884 312.570863853 15.1299858884 312.487867141
-14.9639640569 313.017091457 14.9639640569 312.934532155
-14.798343875 313.546037184 14.798343875 313.462977413
-14.6324744327 313.993206259 14.6324744327 313.910558792
-14.4670633813 314.439836546 14.4670633813 314.357651513
-14.3020394302 314.968959176 14.3020394302 314.886275573
-14.1368223908 315.41658923 14.1368223908 315.334341035
-13.9721110872 315.863640652 13.9721110872 315.781886782
-13.8077458452 316.393004092 13.8077458452 316.310749731
-13.6432670175 316.841144975 13.6432670175 316.759352348
-13.4793620227 317.288615174 13.4793620227 317.207361491
-13.3157184431 317.818313017 13.3157184431 317.736547553
-13.1520745874 318.267017631 13.1520745874 318.185743953
-12.989110925 318.714850281 12.989110925 318.634199068
-12.8262408159 319.245046795 12.8262408159 319.163837253
-12.663543357 319.694363676 12.663543357 319.613680422
-12.5017907668 320.223215687 12.5017907668 320.142105361
-12.3396319394 320.673376482 12.3396319394 320.592798107
-12.1780046721 321.123359024 12.1780046722 321.043347004
-12.0172659874 321.652573186 12.0172659874 321.572138831
-11.8562440832 322.10349759 11.8562440832 322.023634836
-11.6958317633 322.554181866 11.6958317633 322.474933542
-11.5362118043 323.083858043 11.5362118043 323.004189125
-11.3764703801 323.535619193 11.3764703801 323.456566877
-11.2174474532 323.986997794 11.2174474532 323.908623933
-11.0590447549 324.517302132 11.0590447549 324.43849879
-10.9007467187 324.969967025 10.9007467187 324.891831846
-10.7433988972 325.421718742 10.7433988972 325.344451974
-10.5862268211 325.953153337 10.5862268211 325.875327569
-10.4295580476 326.406773436 10.4295580476 326.329676585
-10.2739381916 326.936901735 10.2739381916 326.859433589
-10.1182655138 327.391682146 10.1182655138 327.31495931
-9.96345828803 327.846219115 9.96345828803 327.770305824
-9.80946239929 328.37720675 9.80946239929 328.300914052
-9.65572163301 328.83316504 9.65572163301 328.757686154
-9.50327324838 329.363542515 9.50327324838 329.287731802
-9.35077695083 329.820711232 9.35077695083 329.74574109
-9.1992249948 330.277835118 9.1992249948 330.203763855
-9.0487351914 330.809151926 9.0487351914 330.734749145
-8.89852728854 331.267720029 8.89852728854 331.194237237
-8.74975982638 331.798646011 8.74975982638 331.724868502
-8.60105801954 332.258538917 8.60105801954 332.185715837
-8.45344400228 332.718439254 8.45344400228 332.646636679
-8.30697508113 333.250520379 8.30697508113 333.17842174
-8.1609752571 333.712018606 8.1609752571 333.640967913
-8.01647168821 334.243810262 8.01647168821 334.172501292
-7.87225237944 334.706806364 7.87225237944 334.636586128
-7.7293678534 335.169562193 7.7293678534 335.100536111
-7.58745914382 335.703024782 7.58745914382 335.633707668
-7.44643656259 336.167712213 7.44643656259 336.099599856
-7.30680961324 336.700820857 7.30680961324 336.632480149
-7.16784759114 337.167247777 7.16784759114 337.100154995
-7.03052986318 337.700323924 7.03052986318 337.633034793
-6.89378137743 338.168466675 6.89378137743 338.10247696
-6.75885313739 338.701656269 6.75885313739 338.635496147
-6.62445845925 339.171538293 6.62445845925 339.106733715
-6.49178620704 339.640926178 6.49178620704 339.577661753
-6.360111115 340.176598749 6.360111115 340.11306254
-6.22989425256 340.648156412 6.22989425256 340.586151879
-6.10097411389 341.183775102 6.1009741139 341.121592223
-5.97340520264 341.657314071 5.97340520264 341.5967131
-5.84728214409 342.193185265 5.84728214409 342.132442487
-5.72251693998 342.668645125 5.72251693998 342.609549119
-5.59926617679 343.204940823 5.59926617679 343.145726603
-5.47745637649 343.682252451 5.4774563765 343.62476245
-5.35715151113 344.219143037 5.35715151113 344.161547309
-5.23846507738 344.698130461 5.23846507738 344.642370056
-5.12115379147 345.23588536 5.12115379147 345.179999304
-5.0058300826 345.771903761 5.0058300826 345.71599575
-4.89147820221 346.255243499 4.89147820221 346.201159389
-4.77933971417 346.791925215 4.77933971417 346.737836444
-4.66832092283 347.277254659 4.66832092283 347.225066245
-4.55943333328 347.814705609 4.55943333328 347.762526956
-4.45187220261 348.301884226 4.45187220261 348.251689883
-4.34627292861 348.840291739 4.34627292861 348.790113977
-4.24239141987 349.328623477 4.24239141987 349.280598465
-4.14000642261 349.868679961 4.14000642261 349.82059398
-4.03973380826 350.406954508 4.03973380826 350.358928407
-3.94077907916 350.899743717 3.94077907916 350.853843912
-3.84391843284 351.43908172 3.84391843284 351.393246875
-3.7489249977 351.932136963 3.7489249977 351.88891705
-3.65523924709 352.473989125 3.65523924709 352.430432628
-3.56377425714 353.013489187 3.56377425714 352.970027551
-3.47383481273 353.511163183 3.47383481273 353.469991479
-3.385753892 354.052177662 3.385753892 354.011083231
-3.29965282255 354.592054183 3.29965282255 354.551075428
-3.21500883484 355.093112397 3.21500883484 355.054479958
-3.13229768059 355.634444549 3.13229768059 355.595914648
-3.05150614959 356.174812617 3.05150614959 356.136413992
-2.97219151213 356.678792223 2.97219151213 356.642807915
-2.89472566438 357.220766507 2.89472566438 357.184890219
-2.81914956917 357.76171304 2.81914956917 357.725978635
-2.74521819893 358.26755996 2.74521819893 358.234400304
-2.6727739019 358.810958978 2.6727739019 358.77781339
-2.6022707719 359.352594897 2.6022707719 359.319594986
-2.53350712624 359.893693828 2.53350712624 359.860851074
-2.4660865729 360.404526124 2.4660865729 360.374186731
-2.40044871903 360.947151738 2.40044871903 360.916942898
-2.33653131489 361.488960592 2.33653131489 361.458911928
-2.27424947251 362.030335055 2.27424947251 362.000445735
-2.21320982662 362.544671178 2.21320982662 362.517311645
-2.1538759004 363.087512348 2.1538759004 363.060293775
-2.09615666004 363.629646143 2.09615666004 363.602591821
-2.03997245851 364.171351143 2.03997245851 364.144453107
-1.98504538136 364.687982508 1.98504538136 364.663663639
-1.93153531267 365.231576243 1.93153531267 365.20736841
-1.87956969566 365.77416678 1.87956969566 365.750124356
-1.82905267504 366.316277552 1.82905267504 366.292389898
-1.77989965757 366.857989874 1.77989965757 366.834240943
-1.73182685122 367.37813236 1.73182685122 367.356951329
-1.68507548682 367.921638882 1.68507548682 367.90059278
-1.63972968483 368.464336766 1.63972968483 368.443453968
-1.59568939028 369.00655022 1.59568939028 368.985809866
-1.55286328619 369.548350473 1.55286328619 369.527733923
-1.51117593687 370.089782981 1.51117593687 370.069275985
-1.47033191871 370.613868582 1.47033191871 370.595921755
-1.43079857728 371.157013216 1.43079857728 371.13923723
-1.39249401138 371.699541515 1.39249401138 371.681910716
-1.35530280741 372.241590343 1.35530280741 372.224078782
-1.31913810807 372.783228686 1.31913810807 372.765818712
-1.28393348328 373.324505102 1.28393348328 373.307184248
-1.24961737484 373.848503057 1.24961737484 373.834112819
-1.21602911181 374.393177764 1.21602911181 374.378540618
-1.18367201391 374.935979482 1.18367201391 374.921503827
-1.15233865194 375.478176492 1.15233865194 375.463819104
-1.1219140852 376.019896187 1.1219140852 376.005632631
-1.09232314893 376.561215127 1.09232314893 376.547030417
-1.06351095639 377.102185175 1.06351095639 377.088069173
-1.03543414055 377.642844044 1.03543414055 377.62878938
-1.00805659775 378.183220612 1.00805659775 378.169221638
-0.98123688445 378.712947481 0.98123688445 378.701541127
-0.955485929828 379.255660918 0.955485929828 379.244428627
-0.930624618259 379.797618734 0.930624618259 379.786492992
-0.906509776285 380.339042572 0.906509776285 380.327994555
-0.883064864291 380.880044515 0.883064864291 380.869058936
-0.860239615623 381.420692113 0.860239615623 381.409759505
-0.837996663895 381.961030745 0.837996663895 381.95014463
-0.81630603199 382.501093262 0.81630603199 382.490248884
-0.795142459512 383.040904757 0.795142459513 383.030098448
-0.774483946021 383.580485178 0.774483946021 383.569713998
-0.754310884131 384.11985088 0.754310884131 384.109112403
-0.734636150668 384.652471817 0.734636150669 384.644393976
-0.715949940971 385.19449624 0.715949940971 385.186559892
-0.697927603071 385.735692104 0.697927603071 385.727831675
-0.680443064508 386.276352919 0.680443064508 386.268545298
-0.663436503798 386.816609516 0.663436503798 386.80884324
-0.646870684908 387.356535198 0.646870684908 387.348803454
-0.630718758935 387.896176903 0.630718758935 387.888475165
-0.614959576203 388.43556744 0.614959576203 388.427892464
-0.599575508816 388.974731206 0.599575508816 388.967080533
-0.584551301111 389.513687188 0.584551301111 389.50605888
-0.569873403213 390.052450689 0.569873403213 390.044843165
-0.555529555784 390.591034382 0.555529555784 390.583446323
-0.541508515973 391.129448996 0.541508515973 391.121879278
-0.527799867826 391.667703774 0.527799867826 391.660151422
-0.514393885857 392.2058068 0.514393885857 392.198270958
-0.501281433548 392.743765228 0.501281433548 392.736245136
-0.488788777397 393.279289356 0.488788777397 393.274524264
-0.47711004012 393.820138138 0.47711004012 393.81545864
-0.465846715901 394.36013903 0.465846715901 394.355502407
-0.454912581124 394.899631278 0.454912581124 394.895023428
-0.444269096663 395.438754284 0.444269096663 395.434168422
-0.433893094544 395.97758272 0.433893094545 395.973014911
-0.423768265672 396.516162832 0.423768265672 396.511610517
-0.413881973568 397.05452607 0.413881973568 397.049987448
-0.404223801575 397.592695272 0.404223801575 397.588169006
-0.394784798019 398.130687854 0.394784798019 398.126172903
-0.385557045148 398.668517599 0.385557045148 398.664013128
-0.376533394529 399.206195748 0.376533394529 399.201701069
-0.367707294993 399.743731685 0.367707294993 399.739246218
-0.359072675344 400.281133403 0.359072675344 400.276656651
-0.350623861176 400.818407821 0.350623861176 400.813939349
-0.342355513845 401.355561007 0.342355513845 401.351100432
-0.334262584375 401.892598348 0.334262584375 401.888145331
-0.326340277746 402.429524674 0.326340277746 402.425078907
-0.318584024592 402.966344351 0.318584024592 402.961905556
-0.310989458337 403.503061357 0.310989458337 403.498629278
-0.303552396379 404.039679335 0.303552396379 404.03525374
-0.296268824387 404.576201647 0.296268824387 404.57178232
-0.289134882988 405.112631408 0.289134882988 405.108218147
-0.282146856357 405.648971515 0.282146856357 405.644564134
-0.275301162319 406.185224676 0.275301162319 406.180823001
-0.268594343687 406.721393431 0.268594343687 406.716997296
-0.2620230606 407.257480169 0.2620230606 407.253089419
-0.255584083707 407.793487142 0.255584083707 407.789101632
-0.249292017837 408.326688652 0.249292017837 408.324992991
-0.244082779768 408.867872385 0.244082779768 408.866332229
-0.239217551525 409.40672015 0.239217551525 409.405204028
-0.234521450293 409.94481833 0.234521450293 409.943314388
-0.229958826175 410.482476845 0.229958826175 410.480980949
-0.22551352134 411.019824494 0.22551352134 411.01833462
-0.221175914074 411.556930111 0.221175914074 411.555445086
-0.216939338209 412.093835949 0.216939338209 412.092355013
-0.212798711825 412.630570373 0.212798711825 412.629092997
-0.208749904457 413.167153674 0.208749904457 413.165679472
-0.204789406515 413.703601074 0.204789406515 413.702129748
-0.200914140342 414.239924421 0.200914140342 414.238455736
-0.197121344546 414.776133214 0.197121344546 414.77466698
-0.193408499217 415.312235258 0.193408499217 415.310771316
-0.189773275353 415.848237096 0.189773275353 415.846775312
-0.186213499354 416.384144306 0.186213499354 416.382684567
-0.182727127281 416.919961718 0.182727127281 416.918503922
-0.179312225653 417.455693561 0.179312225653 417.454237619
-0.175966956781 417.991343581 0.175966956781 417.989889417
-0.172689567312 418.526915132 0.172689567312 418.525462673
-0.169478379096 419.062411233 0.169478379096 419.060960416
-0.166331781793 419.597834631 0.166331781793 419.596385398
-0.163248226779 420.133187836 0.163248226779 420.131740134
-0.160226222051 420.668473157 0.160226222052 420.667026936
-0.157264327925 421.203692729 0.157264327925 421.202247943
-0.154361153334 421.738848534 0.154361153334 421.737405142
-0.151515352637 422.273942424 0.151515352637 422.272500385
-0.148725622818 422.808976129 0.148725622818 422.807535406
-0.145990701023 423.343951277 0.145990701023 423.342511836
-0.143309362358 423.878869403 0.143309362358 423.87743121
-0.140680417926 424.413731955 0.140680417926 424.412294979
-0.138102713045 424.948540309 0.138102713045 424.947104519
-0.135575125644 425.483295768 0.135575125644 425.481861138
-0.133096564781 426.017999576 0.133096564781 426.016566077
-0.1306659693 426.552652917 0.1306659693 426.551220525
-0.128282306579 427.087256924 0.128282306579 427.085825613
-0.125944571383 427.621812681 0.125944571383 427.620382428
-0.123651784785 428.156321227 0.123651784785 428.15489201
-0.121402993175 428.69078356 0.121402993175 428.689355357
-0.119197267318 429.22520064 0.119197267318 429.22377343
-0.117033701479 429.75957339 0.117033701479 429.758147153
-0.1149114126 430.293902701 0.1149114126 430.292477417
-0.112829539517 430.82818943 0.112829539517 430.826765082
-0.110787242231 431.362434409 0.110787242231 431.361010977
-0.108783701202 431.896638437 0.108783701202 431.895215905
-0.106818116699 432.430802293 0.106818116699 432.429380642
-0.104889708161 432.964926726 0.104889708161 432.963505941
-0.102997713608 433.499012465 0.102997713608 433.497592531
-0.101141389063 434.033060216 0.101141389063 434.031641117
-0.0993200080139 434.567070666 0.0993200080139 434.565652386
-0.0975328608882 435.10104448 0.0975328608882 435.099627005
-0.0957792545577 435.634982304 0.0957792545577 435.63356562
-0.0940585118602 436.168884769 0.0940585118602 436.167468862
-0.0923699711423 436.702752486 0.0923699711423 436.701337343
-0.0907129858197 437.236586052 0.0907129858197 437.23517166
-0.0890869239553 437.770386047 0.0890869239553 437.768972393
-0.0874911678536 438.304153037 0.0874911678536 438.302740108
-0.0859251136694 438.837887574 0.0859251136694 438.836475358
-0.0843881710328 439.371590194 0.0843881710328 439.370178681
-0.0828797626856 439.905261424 0.0828797626856 439.903850601
-0.0813993241327 440.438901776 0.0813993241327 440.437491632
-0.0799463033044 440.97251175 0.0799463033044 440.971102273
-0.0785201602312 441.506091834 0.0785201602312 441.504683015
-0.0771203667292 442.039642507 0.0771203667292 442.038234334
-0.0757464060961 442.573164235 0.0757464060961 442.571756699
-0.0743977728178 443.106657475 0.0743977728178 443.105250565
-0.073073972284 443.640122673 0.073073972284 443.63871638
-0.071774520513 444.173560266 0.071774520513 444.172154581
-0.0704989438859 444.706970683 0.0704989438859 444.705565596
-0.0692467788883 445.240354341 0.0692467788884 445.238949843
-0.0680175718611 445.773711651 0.0680175718611 445.772307733
-0.0668108787574 446.307043015 0.0668108787574 446.305639667
-0.0656262649088 446.840348825 0.0656262649088 446.838946039
-0.0644633047971 447.373629468 0.0644633047971 447.372227236
-0.0633215818335 447.906885321 0.0633215818335 447.905483634
-0.0622006881445 448.440116755 0.0622006881445 448.438715606
-0.0611002243635 448.973324133 0.0611002243636 448.971923513
-0.0600197994293 449.506507812 0.0600197994293 449.505107713
-0.0589590303891 450.039668141 0.0589590303891 450.038268556
-0.0579175422086 450.572805463 0.0579175422086 450.571406385
-0.0568949675864 451.105920115 0.0568949675864 451.104521536
-0.055890946774 451.639012428 0.055890946774 451.63761434
-0.0549051274009 452.172082726 0.0549051274009 452.170685122
-0.0539371643043 452.705131327 0.0539371643043 452.703734201
-0.0529867193635 453.238158544 0.0529867193635 453.236761889
-0.0520534613391 453.771164685 0.0520534613391 453.769768493
-0.0511370657162 454.304150051 0.0511370657162 454.302754317
-0.0502372145516 454.837114939 0.0502372145516 454.835719656
-0.0493535963261 455.37005964 0.0493535963261 455.368664802
-0.0484859057994 455.902984442 0.0484859057994 455.901590041
-0.0476338438697 456.435889625 0.0476338438697 456.434495656
-0.0467971174366 456.968775465 0.0467971174366 456.967381922
-0.0459754392677 457.501642237 0.0459754392677 457.500249113
-0.0451685278686 458.034490206 0.0451685278686 458.033097496
-0.0443761073562 458.567319636 0.0443761073562 458.565927334
-0.0435979073354 459.100130786 0.0435979073354 459.098738887
-0.0428336627785 459.63292391 0.0428336627785 459.631532408
-0.0420831139084 460.165699259 0.0420831139084 460.164308148
-0.0413460060837 460.69845708 0.0413460060837 460.697066355
-0.0406220896878 461.231197614 0.0406220896878 461.22980727
-0.03991112002 461.763921101 0.03991112002 461.762531132
-0.0392128571892 462.296627775 0.0392128571892 462.295238176
-0.0385270660112 462.829317867 0.0385270660112 462.827928634
-0.037853515907 463.361991606 0.037853515907 463.360602732
-0.0371919808051 463.894649215 0.0371919808051 463.893260696
-0.0365422390449 464.427290914 0.0365422390449 464.425902746
-0.0359040732834 464.959916922 0.0359040732834 464.958529099
-0.0352772704039 465.492527451 0.0352772704039 465.491139969
-0.0346616214259 466.025122713 0.0346616214259 466.023735567
-0.0340569214191 466.557702915 0.0340569214191 466.556316101
-0.0334629694173 467.090268261 0.0334629694173 467.088881774
-0.0328795683361 467.622818953 0.0328795683361 467.621432789
-0.0323065248913 468.155355189 0.0323065248913 468.153969343
-0.0317436495201 468.687877165 0.0317436495201 468.686491633
-0.0311907563032 469.220385073 0.0311907563032 469.21899985
-0.0306476628899 469.752879102 0.0306476628899 469.751494185
-0.0301141904236 470.285359441 0.0301141904236 470.283974825
-0.0295901634705 470.817826272 0.0295901634705 470.816441954
-0.0290754099482 471.350279778 0.0290754099482 471.348895754
-0.0285697610578 471.882720138 0.0285697610578 471.881336403
-0.0280730512158 472.415147528 0.0280730512158 472.413764079
-0.027585117989 472.947562123 0.027585117989 472.946178955
-0.0271058020299 473.479964093 0.0271058020299 473.478581203
-0.0266349470141 474.012353608 0.0266349470141 474.010970993
-0.0261723995788 474.544730835 0.0261723995788 474.54334849
-0.0257180092626 475.077095937 0.0257180092626 475.07571386
-0.0252716284473 475.609449078 0.0252716284473 475.608067264
-0.0248331123003 476.141790417 0.0248331123003 476.140408862
-0.0244023187181 476.674120111 0.0244023187181 476.672738813
-0.0239791082724 477.206438317 0.0239791082724 477.205057272
-0.0235633441556 477.738745187 0.0235633441556 477.737364392
-0.0231548921286 478.271040874 0.0231548921286 478.269660324
-0.0227536204698 478.803325525 0.0227536204698 478.801945219
-0.0223593999244 479.335599289 0.0223593999244 479.334219222
-0.0219721036559 479.86786231 0.0219721036559 479.86648248
-0.0215916071975 480.400114732 0.0215916071975 480.398735136
-0.0212177884055 480.932356697 0.0212177884055 480.930977331
-0.0208505274132 481.464588343 0.0208505274132 481.463209204
-0.020489706586 481.996809809 0.020489706586 481.995430894
-0.0201352104773 482.52902123 0.0201352104773 482.527642537
-0.0197869257854 483.061222741 0.0197869257854 483.059844265
-0.0194447413117 483.593414472 0.0194447413117 483.592036213
-0.0191085479189 484.125596557 0.0191085479189 484.124218509
-0.0187782384912 484.657769122 0.0187782384912 484.656391284
-0.0184537078942 485.189932295 0.0184537078942 485.188554664
-0.018134852937 485.722086201 0.018134852937 485.720708774
-0.0178215723335 486.254230965 0.0178215723335 486.25285374
-0.017513766666 486.786366709 0.017513766666 486.784989682
-0.0172113383484 487.318493553 0.0172113383484 487.317116722
-0.0169141915912 487.850611617 0.0169141915912 487.849234979
-0.0166222323664 488.382721018 0.0166222323664 488.381344571
-0.0163353683735 488.914821873 0.0163353683735 488.913445614
-0.0160535090061 489.446914295 0.0160535090061 489.445538222
-0.0157765653193 489.978998398 0.0157765653193 489.977622508
-0.015504449998 490.511074295 0.015504449998 490.509698585
-0.015237077325 491.043142094 0.015237077325 491.041766563
-0.014974363151 491.575201906 0.014974363151 491.573826551
-0.0147162248639 492.107253838 0.014716224864 492.105878656
-0.0144625813601 492.639297995 0.0144625813601 492.637922985
-0.0142133530148 493.171334484 0.0142133530148 493.169959642
-0.0139684616548 493.703363407 0.0139684616548 493.701988732
-0.01372783053 494.235384867 0.01372783053 494.234010356
-0.0134913842867 494.767398964 0.0134913842867 494.766024616
-0.013259048941 495.2994058 0.013259048941 495.298031611
-0.0130307518529 495.831405471 0.0130307518529 495.83003144
-0.0128064217005 496.363398076 0.0128064217005 496.362024201
-0.0125859884556 496.895383711 0.0125859884556 496.894009989
-0.0123693833586 497.42736247 0.0123693833586 497.4259889
-0.012156538895 497.959334448 0.012156538895 497.957961027
-0.0119473887719 498.491299737 0.0119473887719 498.489926463
-0.0117418678945 499.023258428 0.0117418678945 499.0218853
-0.0115399123444 499.555210613 0.0115399123444 499.553837627
-0.0113414593566 500.087156379 0.0113414593566 500.085783535
-0.0111464472985 500.619095816 0.0111464472985 500.617723111
-0.0109548156484 501.15102901 0.0109548156484 501.149656443
-0.0107665049746 501.682956048 0.0107665049746 501.681583617
-0.0105814569152 502.214877015 0.0105814569152 502.213504717
-0.0103996141582 502.746791995 0.0103996141582 502.745419829
-0.0102209204216 503.27870107 0.0102209204216 503.277329034
-0.0100453204344 503.810604323 0.0100453204344 503.809232415
-0.00987275991761 504.342501834 0.00987275991761 504.341130053
-0.00970318556609 504.874393685 0.00970318556609 504.873022028
-0.00953654503017 505.406279953 0.00953654503017 505.404908419
-0.00937278689802 505.938160718 0.00937278689802 505.936789305
-0.00921186067825 506.470036055 0.00921186067825 506.468664762
-0.00905371678284 507.001906042 0.00905371678285 507.000534867
-0.00889830651048 507.533770754 0.00889830651048 507.532399695
-0.00874558203007 508.065630266 0.00874558203007 508.064259321
-0.00859549636475 508.59748465 0.00859549636475 508.596113818
-0.00844800337608 509.129333981 0.00844800337608 509.12796326
-0.00830305774858 509.661178328 0.00830305774858 509.659807717
-0.00816061497462 510.193017765 0.00816061497462 510.191647262
-0.00802063133948 510.72485236 0.00802063133948 510.723481964
-0.00788306390686 511.256682184 0.00788306390686 511.255311892
-0.00774787050451 511.788507304 0.00774787050451 511.787137116
-0.00761500971026 512.320327789 0.00761500971026 512.318957703
-0.00748444083822 512.852143705 0.00748444083822 512.85077372
-0.00735612392534 513.383955119 0.00735612392534 513.382585233
-0.00723001971816 513.915762096 0.00723001971816 513.914392307
-0.00710608965985 514.4475647 0.00710608965985 514.446195008
-0.00698429587743 514.979362996 0.00698429587743 514.977993398
-0.00686460116938 515.511157046 0.00686460116938 515.509787542
-0.00674696899329 516.042946914 0.0067469689933 516.041577501
-0.00663136345394 516.574732659 0.00663136345394 516.573363338
-0.00651774929145 517.106514345 0.00651774929145 517.105145112
-0.00640609186976 517.63829203 0.00640609186976 517.636922885
-0.00629635716527 518.170065774 0.00629635716527 518.168696716
-0.00618851175572 518.701835636 0.00618851175572 518.700466664
-0.00608252280927 519.233601674 0.00608252280927 519.232232786
-0.00597835807381 519.765363946 0.00597835807381 519.763995141
-0.00587598586644 520.297122509 0.00587598586644 520.295753785
-0.00577537506316 520.828877418 0.00577537506316 520.827508774
-0.00567649508876 521.360628729 0.00567649508876 521.359260165
-0.00557931590691 521.892376497 0.00557931590691 521.891008011
-0.0054838080104 522.424120776 0.0054838080104 522.422752366
-0.00538994241159 522.955861619 0.00538994241159 522.954493286
-0.00529769063307 523.487599081 0.00529769063307 523.486230821
-0.00520702469842 524.019333212 0.00520702469842 524.017965026
-0.00511791712319 524.551064065 0.00511791712319 524.549695951
-0.00503034090609 525.082791691 0.00503034090609 525.081423648
-0.0049442695202 525.614516141 0.0049442695202 525.613148168
-0.00485967690455 526.146237464 0.00485967690455 526.144869559
-0.00477653745567 526.677955709 0.00477653745567 526.676587873
-0.00469482601943 527.209670927 0.00469482601943 527.208303157
-0.00461451788292 527.741383164 0.00461451788292 527.74001546
-0.00453558876658 528.273092469 0.00453558876658 528.271724829
-0.00445801481644 528.804798889 0.00445801481644 528.803431312
-0.00438177259646 529.33650247 0.00438177259646 529.335134956
-0.00430683908108 529.868203259 0.00430683908108 529.866835806
-0.00423319164786 530.3999013 0.00423319164786 530.398533908
-0.00416080807029 530.93159664 0.00416080807029 530.930229307
-0.00408966651071 531.463289323 0.00408966651071 531.461922048
-0.00401974551336 531.994979392 0.00401974551336 531.993612175
-0.00395102399759 532.526666891 0.00395102399759 532.52529973
-0.00388348125113 533.058351863 0.00388348125113 533.056984758
-0.00381709692355 533.590034351 0.00381709692355 533.5886673
-0.00375185101983 534.121714396 0.00375185101983 534.120347399
-0.00368772389401 534.65339204 0.00368772389401 534.652025096
-0.00362469624296 535.185067325 0.00362469624296 535.183700433
-0.00356274910034 535.71674029 0.00356274910035 535.715373449
-0.00350186383057 536.248410976 0.00350186383057 536.247044185
-0.00344202212296 536.780079422 0.00344202212296 536.778712681
-0.00338320598595 537.311745669 0.00338320598595 537.310378975
-0.00332539774146 537.843409753 0.00332539774146 537.842043107
-0.00326858001931 538.375071715 0.00326858001931 538.373705115
-0.00321273575175 538.90673159 0.00321273575175 538.905365037
-0.00315784816815 539.438389418 0.00315784816815 539.43702291
-0.0031039007897 539.970045235 0.0031039007897 539.968678771
-0.00305087742425 540.501699077 0.00305087742425 540.500332657
-0.00299876216124 541.033350982 0.00299876216124 541.031984603
-0.00294753936674 541.565000983 0.00294753936674 541.563634647
-0.00289719367854 542.096649117 0.00289719367854 542.095282822
-0.00284771000135 542.628295419 0.00284771000135 542.626929164
-0.0027990735021 543.159939923 0.0027990735021 543.158573707
-0.00275126960531 543.691582663 0.00275126960531 543.690216486
-0.00270428398853 544.223223673 0.00270428398853 544.221857534
-0.00265810257792 544.754862987 0.00265810257792 544.753496885
-0.00261271154381 545.286500636 0.00261271154381 545.285134571
-0.00256809729644 545.818136655 0.00256809729644 545.816770625
-0.00252424648172 546.349771074 0.00252424648172 546.34840508
-0.00248114597712 546.881403926 0.00248114597712 546.880037966
-0.00243878288751 547.413035243 0.00243878288751 547.411669316
-0.00239714454126 547.944665054 0.00239714454126 547.943299161
-0.00235621848625 548.476293392 0.00235621848625 548.474927531
-0.00231599248603 549.007920286 0.00231599248603 549.006554457
-0.00227645451604 549.539545767 0.00227645451604 549.538179968
-0.00223759275986 550.071169863 0.00223759275986 550.069804095
-0.00219939560561 550.602792605 0.00219939560561 550.601426867
-0.00216185164231 551.134414021 0.00216185164231 551.133048312
-0.0021249496564 551.666034141 0.0021249496564 551.66466846
-0.00208867862825 552.197652991 0.00208867862825 552.196287338
-0.00205302772876 552.729270601 0.00205302772876 552.727904975
-0.00201798631606 553.260886998 0.00201798631606 553.259521399
-0.00198354393219 553.792502209 0.00198354393219 553.791136636
-0.0019496902999 554.324116261 0.0019496902999 554.322750713
-0.00191641531949 554.855729181 0.00191641531949 554.854363659
-0.00188370906571 555.387340996 0.00188370906571 555.385975497
-0.00185156178469 555.918951731 0.00185156178469 555.917586256
-0.00181996389096 556.450561412 0.00181996389096 556.44919596
-0.00178890596453 556.982170065 0.00178890596453 556.980804636
-0.00175837874794 557.513777715 0.00175837874794 557.512412308
-0.00172837314349 558.045384386 0.00172837314349 558.044019
-0.0016988802104 558.576990104 0.0016988802104 558.575624739
-0.00166989116211 559.108594892 0.00166989116211 559.107229548
-0.00164139736357 559.640198775 0.00164139736357 559.63883345
-0.0016133903286 560.171801776 0.0016133903286 560.170436471
-0.00158586171729 560.703403919 0.00158586171729 560.702038633
-0.00155880333349 561.235005227 0.00155880333349 561.233639959
-0.00153220712224 561.766605723 0.00153220712224 561.765240472
-0.00150606516738 562.298205429 0.00150606516738 562.296840195
-0.00148036968909 562.829804368 0.00148036968909 562.828439151
-0.00145511304153 563.361402561 0.00145511304153 563.360037361
-0.00143028771051 563.893000032 0.00143028771051 563.891634847
-0.00140588631121 564.4245968 0.00140588631121 564.423231631
-0.0013819015859 564.956192888 0.0013819015859 564.954827734
-0.00135832640177 565.487788317 0.00135832640177 565.486423177
-0.00133515374874 566.019383107 0.00133515374874 566.018017981
-0.00131237673734 566.550977279 0.00131237673734 566.549612166
-0.00128998859658 567.082570853 0.00128998859658 567.081205754
-0.00126798267196 567.61416385 0.00126798267196 567.612798763
-0.00124635242336 568.145756289 0.00124635242336 568.144391214
-0.00122509142314 568.677348189 0.00122509142314 568.675983126
-0.00120419335414 569.20893957 0.00120419335414 569.207574518
-0.00118365200779 569.740530452 0.00118365200779 569.739165411
-0.00116346128218 570.272120852 0.00116346128218 570.270755822
-0.00114361518029 570.803710791 0.00114361518029 570.80234577
-0.00112410780809 571.335300285 0.00112410780809 571.333935274
-0.00110493337283 571.866889354 0.00110493337283 571.865524352
-0.00108608618122 572.398478015 0.00108608618122 572.397113022
-0.00106756063776 572.930066286 0.00106756063776 572.928701301
-0.00104935124301 573.461654184 0.00104935124301 573.460289208
-0.00103145259195 573.993241728 0.00103145259195 573.991876759
-0.00101385937234 574.524828933 0.00101385937234 574.523463972
-0.000996566363124 575.056415818 0.000996566363124 575.055050863
-0.000979568432827 575.588002398 0.000979568432827 575.58663745
-0.000962860538033 576.11958869 0.000962860538033 576.118223749
-0.000946437721855 576.651174711 0.000946437721855 576.649809775
-0.000930295112433 577.182760476 0.000930295112433 577.181395546
-0.000914427921474 577.714346001 0.000914427921474 577.712981076
-0.000898831442803 578.245931303 0.000898831442803 578.244566383
-0.000883501050946 578.777516396 0.000883501050946 578.77615148
-0.000868432199737 579.309101296 0.000868432199737 579.307736384
-0.000853620420949 579.840686018 0.000853620420949 579.83932111
-0.00083906132295 580.372270577 0.00083906132295 580.370905672
-0.000824750589379 580.903854987 0.000824750589379 580.902490086
-0.00081068397785 581.435439264 0.00081068397785 581.434074365
-0.000796857318672 581.967023421 0.000796857318672 581.965658525
-0.000783266513602 582.498607473 0.000783266513602 582.497242579
-0.000769907534606 583.030191433 0.000769907534606 583.028826541
-0.000756776422655 583.561775316 0.000756776422655 583.560410426
-0.000743869286529 584.093359136 0.000743869286529 584.091994246
-0.000731182301656 584.624942904 0.000731182301656 584.623578016
-0.000718711708958 585.156526636 0.000718711708958 585.155161749
-0.000706453813727 585.688110344 0.000706453813727 585.686745457
-0.000694404984511 586.219694042 0.000694404984511 586.218329155
-0.000682561652034 586.751277741 0.000682561652034 586.749912853
-0.000670920308114 587.282861454 0.000670920308114 587.281496566
-0.000659477504621 587.814445194 0.000659477504621 587.813080306
-0.00064822985244 588.346028974 0.00064822985244 588.344664085
-0.000637174020453 588.877612805 0.000637174020453 588.876247915
-0.000626306734547 589.4091967 0.000626306734547 589.407831808
-0.000615624776627 589.940780669 0.000615624776627 589.939415776
-0.000605124983658 590.472364726 0.000605124983658 590.47099983
-0.000594804246716 591.003948881 0.000594804246716 591.002583983
-0.000584659510056 591.535533146 0.000584659510056 591.534168245
-0.000574687770204 592.067117532 0.000574687770204 592.065752628
-0.000564886075049 592.59870205 0.000564886075049 592.597337143
-0.000555251522969 593.130286711 0.000555251522969 593.128921801
-0.000545781261961 593.661871526 0.000545781261961 593.660506612
-0.000536472488784 594.193456505 0.000536472488784 594.192091588
-0.00052732244813 594.725041659 0.00052732244813 594.723676738
-0.000518328431794 595.256626999 0.000518328431794 595.255262073
-0.000509487777866 595.788212534 0.000509487777866 595.786847604
-0.00050079786994 596.319798274 0.00050079786994 596.31843334
-0.00049225613633 596.85138423 0.00049225613633 596.850019291
-0.000483860049301 597.382970412 0.000483860049301 597.381605467
-0.000475607124318 597.914556828 0.000475607124318 597.913191878
-0.000467494919304 598.446143489 0.000467494919304 598.444778533
-0.000459521033909 598.977730403 0.000459521033909 598.976365442
