-119.848678961 0.840100645582 119.848678961 0.792571240429
-119.729640117 1.43066529777 119.729640117 1.38371009903
-119.614633517 2.03728677339 119.614633517 1.98829665069
-119.50148926 2.62637189165 119.50148926 2.575856997
-119.388628566 3.15582082659 119.388628566 3.10582209255
-119.27651366 3.72657182852 119.27651366 3.67532939138
-119.164107321 4.24164793187 119.164107321 4.19082797769
-119.051994477 4.80226376953 119.051994477 4.75036290093
-118.939456471 5.30816988343 118.939456471 5.25663964458
-118.826963022 5.86223971395 118.826963022 5.8097367181
-118.714066802 6.36150978918 118.714066802 6.30934664892
-118.601012048 6.91102090104 118.601012048 6.85796076476
-118.487685927 7.40499393439 118.487685927 7.35226640203
-118.37395179 7.9513003398 118.37395179 7.89771967988
-118.260194637 8.4950861557 118.260194637 8.44072504789
-118.145691628 8.98483992569 118.145691628 8.93076921154
-118.031285193 9.52613213794 118.031285193 9.47132250293
-117.916193047 10.0128614638 117.916193047 9.95832660365
-117.801125168 10.5521422335 117.801125168 10.4969028449
-117.685444558 11.0362581537 117.685444558 10.981281658
-117.569711156 11.5738949441 117.569711156 11.5182425706
-117.453452063 12.0556977926 117.453452063 12.0002998154
-117.33705219 12.5919865798 117.33705219 12.5359362629
-117.220232079 13.0716913532 117.220232079 13.0158910645
-117.103164 13.6068879837 117.103164 13.5504532878
-116.985812538 14.084615133 116.985812538 14.0284352707
-116.86806612 14.6189789463 116.86806612 14.5621721693
-116.750308613 15.1517773287 116.750308613 15.0943866003
-116.631780118 15.6285714312 116.631780118 15.5714037775
-116.51341838 16.1604884814 116.51341838 16.1027532421
-116.394328494 16.6359257238 116.394328494 16.5784074483
-116.275374117 17.1670680459 116.275374117 17.1089969021
-116.155734782 17.6412588417 116.155734782 17.5833993747
-116.036199376 18.1717166313 116.036199376 18.1133175846
-115.916022134 18.644757011 115.916022134 18.5865650579
-115.795917322 19.1746067142 115.795917322 19.1158872224
-115.675213183 19.6465813149 115.675213183 19.5880649368
-115.554550579 20.1758878284 115.554550579 20.1168548579
-115.433328953 20.6468761027 115.433328953 20.5880427586
-115.312120528 21.1756928697 115.312120528 21.1163529443
-115.190393032 21.6457556079 115.190393032 21.5866122876
-115.068649825 22.1741316644 115.068649825 22.1144908969
-114.946424085 22.6433369466 114.946424085 22.5838900892
-114.824158139 23.1713095462 114.824158139 23.1113736885
-114.701444306 23.6397078761 114.701444306 23.579963555
-114.578666647 24.1673122832 114.578666647 24.1070867471
-114.455471598 24.6349605888 114.455471598 24.5749243854
-114.332194115 25.1622226585 114.332194115 25.1017125541
-114.208525139 25.6291703086 114.208525139 25.5688474336
-114.084759477 26.1561119901 114.084759477 26.0953221465
-113.960622992 26.6224065924 113.960622992 26.5618018799
-113.836380865 27.1490451017 113.836380865 27.0879800925
-113.71178256 27.6147324294 113.71178256 27.5538503686
-113.587075721 28.1410808661 113.587075721 28.0797450304
-113.462022003 28.6061996403 113.462022003 28.5450444937
-113.336861522 29.1322704679 113.336861522 29.0706679288
-113.21135696 29.5968627894 113.21135696 29.5354385079
-113.085754251 30.1226637487 113.085754251 30.0607984329
-112.959803271 30.5867686936 112.959803271 30.5250790341
-112.833769455 31.1123058347 112.833769455 31.0501814872
-112.707377695 31.575954579 112.707377695 31.5140032164
-112.58092285 32.1012356401 112.58092285 32.0388558365
-112.454095776 32.5644571587 112.454095776 32.5022476422
-112.327229428 33.0894896754 112.327229428 33.0268578362
-112.199971314 33.5523148377 112.199971314 33.4898505599
-112.072702952 34.0771041691 112.072702952 34.0142235733
-111.945019483 34.5395559769 111.945019483 34.4768402769
-111.817357557 35.0641096659 111.817357557 35.0009834576
-111.689254354 35.5262092117 111.689254354 35.4632453234
-111.561206768 36.0505350432 111.561206768 35.9871662425
-111.432690486 36.5122976095 111.432690486 36.4490886824
-111.30426428 37.0364050637 111.30426428 36.9727965722
-111.175339322 37.4978524738 111.175339322 37.4344015026
-111.046541849 38.0217479673 111.046541849 37.9579025842
-110.917213882 38.4828955854 110.917213882 38.419205483
-110.788051791 39.0065868143 110.788051791 38.9425072353
-110.658327289 39.4674456014 110.658327289 39.4035191882
-110.528806569 39.9909414215 110.528806569 39.9266302438
-110.398690836 40.4515252187 110.398690836 40.3873652021
-110.268817445 40.9748331733 110.268817445 40.9102929075
-110.138315789 41.435154443 110.138315789 41.3707634347
-110.008095435 41.9582817585 110.008095435 41.8935148317
-109.877213919 42.4183491058 109.877213919 42.35372963
-109.746549625 42.8767225189 109.746549625 42.8123333571
-109.615395484 43.4011282672 109.615395484 43.3362827575
-109.484261468 43.8596474378 109.484261468 43.7949729853
-109.352870695 44.3835088802 109.352870695 44.3184396887
-109.221321404 44.8419853779 109.221321404 44.7770751861
-109.089650242 45.3655042951 109.089650242 45.300213696
-108.957706315 45.8238846556 108.957706315 45.7587468456
-108.825744227 46.3471282142 108.825744227 46.2816184068
-108.693418944 46.8053875802 108.693418944 46.7400264407
-108.561162395 47.3283938855 108.561162395 47.2626669986
-108.428464836 47.7865228555 108.428464836 47.7209415137
-108.295913507 48.3093162088 108.295913507 48.2433743082
-108.162852412 48.7673063933 108.162852412 48.7015075118
-108.03000695 49.2899063732 108.03000695 49.2237514595
-107.89658893 49.7477566009 107.89658893 49.6817425543
-107.763451061 50.2701776617 107.763451061 50.2038116803
-107.629683926 50.7278822159 107.629683926 50.6616552145
-107.496141427 51.1840095084 107.496141427 51.1179960472
-107.362144394 51.7076996249 107.362144394 51.641261742
-107.228147074 52.1641194483 107.228147074 52.0978385383
-107.093979436 52.6872164234 107.093979436 52.6205696356
-106.959594187 53.1436902075 106.959594187 53.0771902614
-106.825195932 53.6664466773 106.825195932 53.5995928805
-106.690446618 54.1229040558 106.690446618 54.0561920663
-106.55580183 54.6453994554 106.55580183 54.5783404758
-106.420703763 55.1018032443 106.420703763 55.0348827884
-106.285805419 55.6240817708 106.285805419 55.5568193693
-106.150367698 56.0804174666 106.150367698 56.0132911075
-106.015213216 56.6025054654 106.015213216 56.535041354
-105.879445141 57.0587581161 105.879445141 56.9914280302
-105.743885951 57.5135810444 105.743885951 57.4464391137
-105.607940866 58.0368421578 105.607940866 57.9693102911
-105.471950245 58.491988169 105.471950245 58.4246045009
-105.335862197 59.0146765797 105.335862197 58.9469447422
-105.199506017 59.4699126817 105.199506017 59.4023206902
-105.063215172 59.9922719146 105.063215172 59.9243418172
-104.926518079 60.4475235918 104.926518079 60.3797290921
-104.790006726 60.9696347805 104.790006726 60.9015080555
-104.652981434 61.4248717774 104.652981434 61.3568778061
-104.516242144 61.9467763093 104.516242144 61.8784545343
-104.378899791 62.4019747661 104.378899791 62.3337835881
-104.241756308 62.8558432383 104.241756308 62.7878269151
-104.104276768 63.3788491721 104.104276768 63.3104626936
-103.966718648 63.8330625131 103.966718648 63.7648185622
-103.829117085 64.3555066141 103.829117085 64.2869265552
-103.691210407 64.8098327629 103.691210407 64.7413879064
-103.553426552 65.331954268 103.553426552 65.2631822277
-103.415195569 65.7863194314 103.415195569 65.7176787881
-103.277210802 66.3081992588 103.277210802 66.2392367503
-103.13866811 66.7625722862 103.13866811 66.6937386028
-103.000474111 67.2842522312 103.000474111 67.2151007114
-102.861630606 67.7386087704 102.861630606 67.6695841073
-102.722903904 68.1919876438 102.722903904 68.1231065959
-102.584086578 68.7144421645 102.584086578 68.6452282633
-102.445008597 69.1680051134 102.445008597 69.0989249938
-102.306039525 69.6900847522 102.306039525 69.6206831857
-102.166641699 70.1437304332 102.166641699 70.0744583066
-102.027493639 70.6655456018 102.027493639 70.5959578382
-101.887793475 71.1192246905 101.887793475 71.049763644
-101.748389708 71.5712987073 101.748389708 71.5021163984
-101.608463172 72.0945148095 101.608463172 72.0248669416
-101.468580233 72.5472897712 101.468580233 72.4777812759
-101.328652111 73.0696189904 101.328652111 72.9997860158
-101.188431742 73.5225823613 101.188431742 73.4528801456
-101.048363926 74.0445467532 101.048363926 73.9745301922
-100.907836044 74.4976028759 100.907836044 74.4277131111
-100.767601817 75.0193082785 100.767601817 74.9491095375
-100.626783415 75.4724092698 100.626783415 75.4023347921
-100.486141629 75.9243820208 100.486141629 75.8544617723
-100.34527261 76.4470276557 100.34527261 76.3767704278
-100.204255307 76.8993656381 100.204255307 76.8292410994
-100.063304423 77.4214757125 100.063304423 77.3510373502
-99.9219731177 77.8739675292 99.9219731177 77.8036560803
-99.7808819341 78.3957627034 99.7808819341 78.3251446423
-99.6392604737 78.8483353547 99.6392604737 78.7778410816
-99.4979274562 79.2993996419 99.4979274562 79.2291512649
-99.3561102063 79.8225146368 99.3561102063 79.7518398345
-99.2143172782 80.2742887199 99.2143172782 80.2037487222
-99.0725230665 80.7965223399 99.0725230665 80.7256687364
-98.9304088376 81.2485114613 98.9304088376 81.177784685
-98.7884996017 81.770374958 98.7884996017 81.6993440265
-98.6460950763 82.2224797382 98.6460950763 82.1515719567
-98.504041886 82.7440830074 98.504041886 82.6728760834
-98.3613651911 83.1962513733 98.3613651911 83.1251652355
-98.2188062293 83.6475544571 98.2188062293 83.5766040278
-98.0762153488 84.1698575949 98.0762153488 84.0985949265
-97.9333326301 84.6214169119 97.9333326301 84.5502804357
-97.7906463844 85.1433127498 97.7906463844 85.0718750505
-97.6474776002 85.5950054142 97.6474776002 85.5236899547
-97.5046601734 86.116627129 97.5046601734 86.0450157279
-97.3612238901 86.5683990555 97.3612238901 86.4969074418
-97.2179047258 87.0193285608 97.2179047258 86.9479712449
-97.0745665712 87.5416314779 97.0745665712 87.4699655786
-96.9309300611 87.9928250237 96.9309300611 87.9212840519
-96.7875064683 88.5147161611 96.7875064683 88.4428774733
-96.6435896295 88.9660532935 96.6435896295 88.8943356435
-96.5000438931 89.4876673194 96.5000438931 89.4156571606
-96.3558666412 89.939089491 96.3558666412 89.8671979593
-96.2117951357 90.3897277558 96.2117951357 90.3179672608
-96.0677551158 90.9119696876 96.0677551158 90.839906106
-95.9233781087 91.3628587347 95.9233781087 91.2909182875
-95.7792546228 91.8847102048 95.7792546228 91.8124760414
-95.634606801 92.3357386474 95.634606801 92.2636240876
-95.4901717927 92.7856238247 95.4901717927 92.7136687232
-95.3454651455 93.3084390654 95.3454651455 93.2361529469
-95.2006510663 93.7588540225 95.2006510663 93.6866949471
-95.0559487089 94.2809896781 95.0559487089 94.2085337372
-94.9108464167 94.7316222711 94.9108464167 94.6592873914
-94.7660566556 95.2534071651 94.7660566556 95.1807828105
-94.620694567 95.704168569 94.620694567 95.6316622389
-94.4754784696 96.154038801 94.4754784696 96.0816691916
-94.3301834644 96.6765487705 94.3301834644 96.6038732156
-94.1846434437 97.1267786135 94.1846434437 97.0542264095
-94.0393095168 97.6487884671 94.0393095168 97.575945291
-93.8934988967 98.099201084 93.8934988967 98.026476857
-93.7479962606 98.5481656603 93.7479962606 98.4756962551
-93.6020132329 99.0714306437 93.6020132329 98.9985375798
-93.4560542393 99.5212413627 93.4560542393 99.4484755786
-93.3101781662 100.043508617 93.3101781662 99.9704486261
-93.1639310739 100.493578614 93.1639310739 100.420638816
-93.0179911026 101.015456091 93.0179911026 100.942230638
-92.87148988 101.465677463 92.87148988 101.392568931
-92.7251358882 101.915032032 92.7251358882 101.84205883
-92.5787137466 102.437608808 92.5787137466 102.364333936
-92.4320429596 102.887338012 92.4320429596 102.814185035
-92.2855980871 103.409400404 92.2855980871 103.335960834
-92.1386646427 103.859325362 92.1386646427 103.786003337
-91.9919655049 104.308093703 91.9919655049 104.234936751
-91.8449681511 104.831120505 91.8449681511 104.75763261
-91.6978842904 105.280515866 91.6978842904 105.207152215
-91.5509428458 105.80277079 91.5509428458 105.729118911
-91.4035864889 106.252410459 91.4035864889 106.178876845
-91.2565864962 106.774294872 91.2565864962 106.700480445
-91.1089880272 107.224084046 91.1089880272 107.150384911
-90.9615044974 107.673141536 90.9615044974 107.599570061
-90.8140736573 108.195599718 90.8140736573 108.121737261
-90.6663024801 108.64496756 90.6663024801 108.571224178
-90.5188380828 109.16698572 90.5188380828 109.092961499
-90.370820771 109.616530633 90.370820771 109.542621958
-90.2229490636 110.06525069 90.2229490636 109.991474753
-90.0750363836 110.58792054 90.0750363836 110.513849171
-89.9268586537 111.037027999 89.9268586537 110.963076579
-89.7789412059 111.559174677 89.7789412059 111.484942303
-89.6305126759 112.00848849 89.6305126759 111.934371892
-89.4822631335 112.456873831 89.4822631335 112.382897788
-89.3338764628 112.979761855 89.3338764628 112.905483169
-89.1852979363 113.428627006 89.1852979363 113.354469127
-89.0369399663 113.950891971 89.0369399663 113.87645303
-88.8881071787 114.399988515 88.8881071787 114.325665525
-88.7394945977 114.848025293 88.7394945977 114.773856879
-88.5906388356 115.371147732 88.5906388356 115.296663256
-88.4416648208 115.819789013 88.4416648208 115.745426123
-88.2928791018 116.342160416 88.2928791018 116.267516433
-88.1436480208 116.791055462 88.1436480208 116.71652753
-87.9946807128 117.238750206 87.9946807128 117.164403091
-87.8453649465 117.762107685 87.8453649465 117.687418888
-87.69599982 118.210545229 87.69599982 118.135978583
-87.5468001421 118.733006879 87.5468001421 118.658159329
-87.3971761181 119.181716878 87.3971761181 119.10698537
-87.2478691648 119.629051469 87.2478691648 119.554572219
-87.0980973452 120.152662261 87.0980973452 120.077770551
-86.9483439229 120.600920198 86.9483439229 120.526150877
-86.7987446518 121.123453154 86.7987446518 121.048403462
-86.6487323581 121.571995556 86.6487323581 121.497061771
-86.4990769595 122.019034061 86.4990769595 121.944456232
-86.3488756083 122.542836237 86.3488756083 122.467742976
-86.1987375787 122.990934754 86.1987375787 122.915963747
-86.0487528921 123.513520003 86.0487528921 123.438269549
-85.8983564527 123.961912898 85.8983564527 123.886778083
-85.7482870184 124.408916027 85.7482870184 124.334050165
-85.5977389978 124.932650547 85.5977389978 124.857357055
-85.4472181427 125.380614773 85.4472181427 125.305442958
-85.2968628365 125.903230346 85.2968628365 125.827780479
-85.146088499 126.35148424 85.146088499 126.276149619
-84.9955912017 126.798529926 84.9955912017 126.723385075
-84.8447272761 127.322120255 84.8447272761 127.246627817
-84.6938265853 127.769970456 84.6938265853 127.69459879
-84.5431141114 128.292598302 84.5431141114 128.216950331
-84.3919655051 128.740730775 84.3919655051 128.66519754
-84.2410505202 129.18781213 84.2410505202 129.112437057
-84.0898776464 129.71126399 84.0898776464 129.635573868
-83.9386005197 130.159018003 83.9386005197 130.08344751
-83.7875435366 130.681641976 83.7875435366 130.605797187
-83.6360254168 131.129666197 83.6360254168 131.053935539
-83.484705726 131.576766583 83.484705726 131.501178671
-83.3332279422 132.100094558 83.3332279422 132.024207992
-83.1815793621 132.54776433 83.1815793621 132.471996155
-83.0301888472 133.070373266 83.0301888472 132.994332914
-82.8783057984 133.518302087 82.8783057984 133.442375205
-82.726588074 133.965425406 82.726588074 133.889631597
-82.5748130567 134.48863006 82.5748130567 134.412548279
-82.4227961627 134.936232124 82.4227961627 134.860267414
-82.2710832986 135.458813202 82.2710832986 135.382578536
-82.1188414297 135.906653885 82.1188414297 135.830531974
-81.9667371765 136.353787678 81.9667371765 136.27779272
-81.8146689169 136.876881278 81.8146689169 136.800605494
-81.6622895827 137.324422943 81.6622895827 137.248262956
-81.5102633742 137.846970016 81.5102633742 137.770542255
-81.3576674535 138.294733182 81.3576674535 138.218417442
-81.2051854006 138.741873626 81.2051854006 138.665680527
-81.0528292402 139.264862603 81.0528292402 139.188394022
-80.9000937231 139.712349195 80.9000937231 139.635995194
-80.747674741 140.158539478 80.747674741 140.082422913
-80.5948184247 140.6825497 80.5948184247 140.606041329
-80.4419697102 141.129685147 80.4419697102 141.053296325
-80.2893293858 141.652580462 80.2893293858 141.575920272
-80.1362425802 142.100020852 80.1362425802 142.023474101
-79.9833514224 142.546580419 79.9833514224 142.470173743
-79.8303278395 143.070113592 79.8303278395 142.993413786
-79.677119788 143.517244033 79.677119788 143.440661357
-79.5242005875 144.040050269 79.5242005875 143.963199656
-79.3707700244 144.48744468 79.3707700244 144.410706443
-79.2174804395 144.934144718 79.2174804395 144.857533315
-79.0642274452 145.457436913 79.0642274452 145.380546865
-78.9106673559 145.90456188 78.9106673559 145.827787011
-78.7574743283 146.427283518 78.7574743283 146.350243661
-78.6037054153 146.874637875 78.6037054153 146.797709392
-78.4500447397 147.321409948 78.4500447397 147.244602405
-78.2965488151 147.844528846 78.2965488151 147.767449732
-78.142645795 148.291642176 78.142645795 148.214676651
-77.9889689328 148.737790202 77.9889689328 148.660975531
-77.8350818512 149.261603984 77.8350818512 149.184486486
-77.6810654481 149.708419822 77.6810654481 149.631419712
-77.5273229673 150.231398206 77.5273229673 150.154131198
-77.3730844742 150.678498393 77.3730844742 150.601343619
-77.2189944395 151.124895891 77.2189944395 151.047868547
-77.0649301306 151.648350743 77.0649301306 151.571045438
-76.9105696042 152.095194461 76.9105696042 152.018004088
-76.7565801245 152.618053374 76.7565801245 152.540599634
-76.6020142376 153.065136829 76.6020142376 152.987794142
-76.4475547799 153.511658503 76.4475547799 153.434435975
-76.2932795605 154.034887894 76.2932795605 153.957395974
-76.138584747 154.481749175 76.138584747 154.404370333
-75.9840914732 154.927742959 75.9840914732 154.850504984
-75.8294628893 155.451570108 75.8294628893 155.374040786
-75.6746550431 155.898167574 75.6746550431 155.820754578
-75.5201582341 156.421225819 75.5201582341 156.343548464
-75.3651388805 156.868094715 75.3651388805 156.790528948
-75.2102480096 157.314339869 75.2102480096 157.236897616
-75.0554587423 157.837806709 75.0554587423 157.760091993
-74.9003178016 158.28445114 74.9003178016 158.206850264
-74.7454616372 158.729960839 74.7454616372 158.652548136
-74.5902586921 159.254243481 74.5902586921 159.176492186
-74.4350136584 159.70061612 74.4350136584 159.622982478
-74.2800299782 160.223853325 74.2800299782 160.145954421
-74.1245665584 160.670530803 74.1245665584 160.592743911
-73.9692533503 161.116523161 73.9692533503 161.038863496
-73.8139715712 161.6402033 73.8139715712 161.562267787
-73.6583936791 162.08665401 73.6583936791 162.008832942
-73.5032037278 162.609717581 73.5032037278 162.531635669
-73.3474287636 163.056413708 73.3474287636 162.978442363
-73.1917534283 163.502591087 73.1917534283 163.424738454
-73.0363051198 164.025979782 73.0363051198 163.947861303
-72.8804075568 164.472485586 72.8804075568 164.394479396
-72.724677152 164.918259781 72.724677152 164.840384187
-72.5689278018 165.442116731 72.5689278018 165.363962331
-72.4129199947 165.888401484 72.4129199947 165.81036189
-72.2572840913 166.411584168 72.2572840913 166.333283936
-72.1010792996 166.858125173 72.1010792996 166.779935611
-71.9449797199 167.304137584 71.9449797199 167.226067312
-71.7890902185 167.827645231 71.7890902185 167.749309082
-71.6327671653 168.274001035 71.6327671653 168.195777273
-71.4766168654 168.719615015 71.4766168654 168.641523231
-71.3204311228 169.243590352 71.3204311228 169.165218912
-71.1640005402 169.689734755 71.1640005402 169.611478177
-71.0079400344 170.213009803 71.0079400344 170.134493157
-70.8513143227 170.659415451 70.8513143227 170.581009441
-70.6947946303 171.105297418 70.6947946303 171.02701063
-70.5384881701 171.628887691 70.5384881701 171.55033573
-70.3817473956 172.075116059 70.3817473956 171.996676386
-70.2251759028 172.520621679 70.2251759028 172.442312931
-70.0685846671 173.044657095 70.0685846671 172.966070416
-69.9117385681 173.49068487 69.9117385681 173.412212816
-69.7552740777 174.014026811 69.7552740777 173.935295616
-69.5982355262 174.460317737 69.5982355262 174.381697019
-69.4412991887 174.906104084 69.4412991887 174.827601885
-69.2845995974 175.429740861 69.2845995974 175.350974926
-69.1274483595 175.87586426 69.1274483595 175.79721033
-68.9704531818 176.321315048 68.9704531818 176.242788922
-68.8134866924 176.845353294 68.8134866924 176.766553172
-68.6562310774 177.291290182 68.6562310774 177.212604166
-68.4993630894 177.735795634 68.4993630894 177.657514964
-68.3419416495 178.2608627 68.3419416495 178.182029017
-68.1845953154 178.706577028 68.1845953154 178.627860779
-68.0275235562 179.230232586 68.0275235562 179.151254506
-67.8699697161 179.676270443 67.8699697161 179.59740395
-67.7125538037 180.121700758 67.7125538037 180.042958397
-67.5552360026 180.645704445 67.5552360026 180.566692691
-67.3975780552 181.091571336 67.3975780552 181.012672986
-67.2401622913 181.536496822 67.2401622913 181.457753541
-67.0825284928 182.061081378 67.0825284928 181.982036519
-66.9247772607 182.50675023 66.9247772607 182.42782146
-66.7673536072 183.030397814 66.7673536072 182.951209463
-66.609406585 183.476363633 66.609406585 183.397286337
-66.4515781113 183.921789873 66.4515781113 183.84283339
-66.2939274659 184.445738514 66.2939274659 184.366516981
-66.1358758781 184.89155067 66.1358758781 184.812441747
-65.9780068376 185.336622326 65.9780068376 185.257646958
-65.8200924669 185.86099472 65.8200924669 185.781740537
-65.6619449442 186.306632992 65.6619449442 186.227493545
-65.504186104 186.830256545 65.504186104 186.75085984
-65.3458539965 187.276166747 65.3458539965 187.19688051
-65.1876216678 187.721602354 65.1876216678 187.642434128
-65.0296541215 188.245482449 65.0296541215 188.166053071
-64.8712170871 188.691255442 64.8712170871 188.61193784
-64.7129211182 189.136427232 64.7129211182 189.05723408
-64.554724483 189.660632884 64.554724483 189.581171327
-64.3961904427 190.106250935 64.3961904427 190.026902831
-64.2378841994 190.550991837 64.2378841994 190.471792328
-64.0794038793 191.075704492 64.0794038793 190.996211292
-63.9207804839 191.521149889 63.9207804839 191.441772487
-63.7625084403 192.044958496 63.7625084403 191.965323292
-63.6036964876 192.490700598 63.6036964876 192.411176361
-63.4449954808 192.935942331 63.4449954808 192.856537618
-63.2865189836 193.460011511 63.2865189836 193.380344637
-63.127608243 193.905619141 63.127608243 193.826064569
-62.9688524833 194.350590384 62.9688524833 194.271163115
-62.8101490386 194.874996084 62.8101490386 194.795298037
-62.6511448728 195.320458725 62.6511448728 195.240874688
-62.4924020357 195.764945281 62.4924020357 195.685526292
-62.3334036094 196.289913058 62.3334036094 196.210184382
-62.1743144732 196.735210638 62.1743144732 196.655598346
-62.015564364 197.259159593 62.015564364 197.179289608
-61.856288584 197.70476085 61.856288584 197.625002148
-61.6971267934 198.14986079 61.6971267934 198.070222265
-61.5381796996 198.674064324 61.5381796996 198.594163703
-61.3788088536 199.119540646 61.3788088536 199.039752618
-61.2195965357 199.564378396 61.2195965357 199.484718375
-61.0604311323 200.088908756 61.0604311323 200.008978009
-60.9009711624 200.534248052 60.9009711624 200.45443155
-60.741766706 200.97863974 60.741766706 200.898985301
-60.5823231953 201.503695183 60.5823231953 201.423734863
-60.4227805668 201.948883261 60.4227805668 201.869039408
-60.2635870115 202.472929822 60.2635870115 202.392829088
-60.1038610344 202.918423897 60.1038610344 202.838434607
-59.9442479185 203.363429 59.9442479185 203.283559599
-59.7848685049 203.887712866 59.7848685049 203.807582618
-59.6250512829 204.333091408 59.6250512829 204.253073829
-59.4653835942 204.777868796 59.4653835942 204.697977461
-59.3058022672 205.302445188 59.3058022672 205.222285956
-59.1458991415 205.747697982 59.1458991415 205.667652922
-58.9862166128 206.192125643 58.9862166128 206.112226269
-58.8263938158 206.717126522 58.8263938158 206.636938871
-58.6664099456 207.162243566 58.6664099456 207.082172031
-58.5068072402 207.686346757 58.5068072402 207.606019815
-58.3466478767 208.131758785 58.3466478767 208.051543324
-58.1865916815 208.576720059 58.1865916815 208.496623468
-58.0268173677 209.10103394 58.0268173677 209.02067875
-57.8665701212 209.546341442 57.8665701212 209.466098845
-57.7064540465 209.991113975 57.7064540465 209.910994752
-57.5464970331 210.515678002 57.5464970331 210.435295124
-57.3861651592 210.960877093 57.3861651592 210.880608121
-57.2260121574 211.405393841 57.2260121574 211.325257938
-57.0658508264 211.930281666 57.0658508264 211.849871692
-56.9054394559 212.375362955 56.9054394559 212.295068502
-56.7453222625 212.819394155 56.7453222625 212.739289329
-56.5848842209 213.344845482 56.5848842209 213.264409043
-56.424401079 213.789791754 56.424401079 213.709472976
-56.2642647347 214.314102008 56.2642647347 214.233527329
-56.103603423 214.759368366 56.103603423 214.67890615
-55.9430556304 215.204163579 55.9430556304 215.123822073
-55.7827557459 215.728683068 55.7827557459 215.648082225
-55.622013191 216.173853186 55.622013191 216.093365946
-55.4614135338 216.618463551 55.4614135338 216.538102089
-55.3009390372 217.14323215 55.3009390372 217.062605789
-55.1401182544 217.588303197 55.1401182544 217.507791772
-54.9794907508 218.032658595 54.9794907508 217.952284239
-54.818819389 218.557752503 54.818819389 218.477101307
-54.6579264765 219.002712771 54.6579264765 218.922178142
-54.4973661134 219.44651165 54.4973661134 219.366216995
-54.3364041999 219.972240752 54.3364041999 219.891565449
-54.1754448593 220.417079516 54.1754448593 220.33652289
-54.0148309982 220.941538123 54.0148309982 220.86072612
-53.853697669 221.386702798 53.853697669 221.306004178
-53.6926782787 221.831406848 53.6926782787 221.750829798
-53.5319136272 222.356060746 53.5319136272 222.275225152
-53.3707051657 222.801141115 53.3707051657 222.720420028
-53.2096384423 223.245677864 53.2096384423 223.16508296
-53.0487135878 223.770562326 53.0487135878 223.689703904
-52.8874336636 224.215554468 52.8874336636 224.134811852
-52.7263386767 224.659870489 52.7263386767 224.579263271
-52.5652364896 225.185045857 52.5652364896 225.104165423
-52.4038893809 225.629944082 52.4038893809 225.549180987
-52.2428161994 226.073885297 52.2428161994 225.993294117
-52.0814882468 226.59951387 52.0814882468 226.518612293
-51.9200803701 227.044306281 51.9200803701 226.963523946
-51.7590478242 227.568857476 51.7590478242 227.487821335
-51.5974756722 228.013967088 51.5974756722 227.933045295
-51.4360118672 228.458646174 51.4360118672 228.377846083
-51.2748444361 228.983372241 51.2748444361 228.902315781
-51.1132041953 229.428410305 51.1132041953 229.347469291
-50.9516943957 229.87295331 50.9516943957 229.792137535
-50.7903861421 230.397879314 50.7903861421 230.316803474
-50.6286811741 230.842843778 50.6286811741 230.761884618
-50.4671378303 231.287219631 50.4671378303 231.206391539
-50.3056791402 231.812382659 50.3056791402 231.731288441
-50.1439132594 232.257270282 50.1439132594 232.176294151
-49.9823590243 232.701415188 49.9823590243 232.620582894
-49.8207300078 233.226885776 49.8207300078 233.145774245
-49.6589088215 233.671688319 49.6589088215 233.590696528
-49.4974243458 234.115350035 49.4974243458 234.034601523
-49.3355462783 234.641390427 49.3355462783 234.560262714
-49.1736748604 235.086101207 49.1736748604 235.005095244
-49.0121665895 235.610855438 49.0121665895 235.529596121
-48.8501348834 236.055900694 48.8501348834 235.974758006
-48.688219404 236.500509848 48.688219404 236.419491471
-48.5265918916 237.025431595 48.5265918916 236.944157402
-48.3645042244 237.470417376 48.3645042244 237.389261003
-48.2025522544 237.914910919 48.2025522544 237.833882379
-48.0408015504 238.44002046 48.0408015504 238.358732651
-47.8786615186 238.884945633 47.8786615186 238.803776961
-47.7166860062 239.329293098 47.7166860062 239.248257835
-47.5548040495 239.854624313 47.5548040495 239.773324223
-47.3926153907 240.299487696 47.3926153907 240.218308224
-47.2306325882 240.743647477 47.2306325882 240.662612065
-47.0686060118 241.269251561 47.0686060118 241.187940618
-46.9063745185 241.714046272 46.9063745185 241.632857636
-46.7444391284 242.157853894 46.7444391284 242.076854683
-46.5822186791 242.683898998 46.5822186791 242.602578708
-46.4199488325 243.128622366 46.4199488325 243.047426374
-46.2580662394 243.653520991 46.2580662394 243.572073449
-46.0956488129 244.09857716 46.0956488129 244.017249138
-45.9333464562 244.543222619 45.9333464562 244.462021295
-45.771365986 245.068273614 45.771365986 244.986818745
-45.6089077557 245.513284722 45.6089077557 245.431950682
-45.4465807843 245.957840136 45.4465807843 245.876635908
-45.284500156 246.483060826 45.284500156 246.401600341
-45.1220036875 246.92803109 45.1220036875 246.84669287
-44.9596611167 247.372480802 44.9596611167 247.291276695
-44.7974770704 247.897892048 44.7974770704 247.816427777
-44.634947707 248.342818333 44.634947707 248.261477896
-44.472603915 248.787130492 44.472603915 248.70593115
-44.3103083317 249.312769361 44.3103083317 249.23130324
-44.1477516134 249.757648518 44.1477516134 249.676307984
-43.9854284676 250.201767285 43.9854284676 250.120582637
-43.8230045875 250.727699205 43.8230045875 250.646233296
-43.6604254355 251.172530237 43.6604254355 251.09119189
-43.4982087457 251.616193428 43.4982087457 251.53513781
-43.3355774896 252.142686672 43.3355774896 252.061223166
-43.1729825985 252.587464084 43.1729825985 252.506130432
-43.010768792 253.112609177 43.010768792 253.031025394
-42.8480397751 253.557735916 42.8480397751 253.476277146
-42.685435139 254.002456737 42.685435139 253.921130541
-42.5231497347 254.527751614 42.5231497347 254.446173423
-42.3604027514 254.972856818 42.3604027514 254.891405271
-42.1977973404 255.41750979 42.1977973404 255.336194222
-42.0354398591 255.942969945 42.0354398591 255.861399862
-41.8726806796 256.388053061 41.8726806796 256.306611387
-41.7100852683 256.832621979 41.7100852683 256.751320903
-41.5476533099 257.358269805 41.5476533099 257.276710502
-41.3848868275 257.803333472 41.3848868275 257.7219045
-41.2223140935 258.247796442 41.2223140935 258.166515025
-41.0598030734 258.773662047 41.0598030734 258.69211637
-40.8970372498 259.218700971 40.8970372498 259.137287739
-40.7345125047 259.662997222 40.7345125047 259.581745809
-40.5719066045 260.189147921 40.5719066045 260.107618883
-40.4091469803 260.634164595 40.4091469803 260.552770357
-40.2467330037 261.078111883 40.2467330037 260.996955967
-40.083977815 261.604740876 40.083977815 261.523231693
-39.9212322878 262.049731763 39.9212322878 261.968360041
-39.7588891583 262.575102062 39.7588891583 262.49348313
-39.5960339144 263.020447806 39.5960339144 262.938961893
-39.4333110564 263.465408325 39.4333110564 263.384062961
-39.2709318898 263.990927281 39.2709318898 263.909333134
-39.1080926182 264.436277207 39.1080926182 264.354818198
-38.9454038569 264.881195267 38.9454038569 264.799880588
-38.78298947 265.406880151 38.78298947 265.325314491
-38.6201732068 265.852236493 38.6201732068 265.770808262
-38.4575285679 266.297104825 38.4575285679 266.215825735
-38.2950796828 266.822974188 38.2950796828 266.74144096
-38.1322942439 267.268337971 38.1322942439 267.186944644
-37.9697086529 267.713135354 37.9697086529 267.631898036
-37.8072227132 268.239219453 37.8072227132 268.157722842
-37.644477584 268.684588215 37.644477584 268.603234209
-37.4819752733 269.129265269 37.4819752733 269.048079784
-37.3194412721 269.655622919 37.3194412721 269.574167369
-37.1567451407 270.100997737 37.1567451407 270.01968778
-36.9943767486 270.545420438 36.9943767486 270.464323862
-36.831756949 271.072198377 36.831756949 270.990788616
-36.6691194939 271.517578699 36.6691194939 271.436317872
-36.5069081268 272.04320831 36.5069081268 271.961704329
-36.3441928208 272.488959299 36.3441928208 272.407600355
-36.1816247635 272.934342871 36.1816247635 272.853136672
-36.0194242804 273.460129674 36.0194242804 273.378678965
-35.8567732643 273.905919712 35.8567732643 273.82461693
-35.6942883537 274.351296766 35.6942883537 274.270151268
-35.5321019826 274.877258866 35.5321019826 274.795866895
-35.3695269941 275.32308623 35.3695269941 275.2418453
-35.2071390161 275.768448279 35.2071390161 275.687370344
-35.0449688089 276.294609101 35.0449688089 276.213281678
-34.8824789375 276.74048099 34.8824789375 276.659307976
-34.720210633 277.185793499 34.720210633 277.104791783
-34.5580535458 277.71219466 34.5580535458 277.630937947
-34.3956619521 278.158108696 34.3956619521 278.07701008
-34.2335384828 278.603329964 34.2335384828 278.522417585
-34.0713853751 279.130034417 34.0713853751 279.048854976
-33.9091041979 279.575992652 33.9091041979 279.494975358
-33.7472103457 280.020890481 33.7472103457 279.94014897
-33.5849971949 280.548141901 33.5849971949 280.467046691
-33.4228405884 280.994142666 33.4228405884 280.913214157
-33.2611143126 281.520132094 33.2611143126 281.43896534
-33.0989226352 281.96653482 33.0989226352 281.885531247
-32.9369080925 282.412568542 32.9369080925 282.331736971
-32.7752533244 282.938747093 32.7752533244 282.85767574
-32.613197951 283.385229817 32.613197951 283.304325758
-32.4513424987 283.831290008 32.4513424987 283.750564382
-32.2897641813 284.357682669 32.2897641813 284.276714781
-32.1278596965 284.8042488 32.1278596965 284.723452644
-31.9661884606 285.250306362 31.9661884606 285.169697455
-31.8046864746 285.776956841 31.8046864746 285.696100968
-31.6429482542 286.223610001 31.6429482542 286.142930699
-31.4814956679 286.669607888 31.4814956679 286.589131376
-31.3200604117 287.196593072 31.3200604117 287.115858298
-31.1585065916 287.643331366 31.1585065916 287.562778505
-30.9973733969 288.088998845 30.9973733969 288.008753406
-30.835930282 288.616611008 30.835930282 288.53600698
-30.6745807348 289.063429989 30.6745807348 288.983013919
-30.513675297 289.589777761 30.513675297 289.509129683
-30.3523412162 290.037035907 30.3523412162 289.956572887
-30.1912173557 290.483928897 30.1912173557 290.403660916
-30.0304545782 291.010505104 30.0304545782 290.930003364
-29.8693414223 291.457892325 29.8693414223 291.377581228
-29.7084706543 291.904837073 29.7084706543 291.824730073
-29.5478543537 292.431685137 29.5478543537 292.351340883
-29.3869835399 292.879201225 29.3869835399 292.799053698
-29.2264058785 293.326138344 29.2264058785 293.246209477
-29.0659287271 293.853341188 29.0659287271 293.773166255
-28.9053209125 294.300991163 28.9053209125 294.221019664
-28.7451264591 294.747699671 28.7451264591 294.66800836
-28.5847317159 295.275505983 28.5847317159 295.195512947
-28.4244142411 295.723278457 28.4244142411 295.643496471
-28.2645669144 296.249964413 28.2645669144 296.169957628
-28.1043228311 296.698207082 28.1043228311 296.618409311
-27.9443230964 297.146093146 27.9443230964 297.066515481
-27.78469395 297.673055274 27.78469395 297.593250771
-27.6247634459 298.121476675 27.6247634459 298.041888403
-27.4651218386 298.569430595 27.4651218386 298.490074882
-27.3057110209 299.096740225 27.3057110209 299.017152513
-27.1461219315 299.545338419 27.1461219315 299.46597487
-26.9869048413 299.993232582 26.9869048413 299.914129206
-26.8276858136 300.52105295 26.8276858136 300.441697439
-26.6684668266 300.969826922 26.6684668266 300.890704491
-26.5097717363 301.496774744 26.5097717363 301.417435512
-26.3506881663 301.946032379 26.3506881663 301.866925449
-26.1918759585 302.394960726 26.1918759585 302.316097494
-26.0334747826 302.92222514 26.0334747826 302.843143168
-25.8747945679 303.371711045 25.8747945679 303.292870142
-25.7164376187 303.820738444 25.7164376187 303.742156114
-25.5583292351 304.348410233 25.5583292351 304.269603296
-25.4000855566 304.798122737 25.4000855566 304.719566548
-25.2422877768 305.247014648 25.2422877768 305.168764315
-25.0844173621 305.775368289 25.0844173621 305.696855258
-24.9266494631 306.225291676 24.9266494631 306.147040516
-24.7693950189 306.752680255 24.7693950189 306.674219692
-24.6118241679 307.203143731 24.6118241679 307.124944693
-24.4545805697 307.653236708 24.4545805697 307.575313706
-24.2976980971 308.18103307 24.2976980971 308.102897074
-24.1406427198 308.63177148 24.1406427198 308.553907901
-23.9840069563 309.081881846 23.9840069563 309.004322678
-23.8274680374 309.610286193 23.8274680374 309.532496513
-23.6709715626 310.061285229 23.6709715626 309.98378037
-23.5150402792 310.58892954 23.5150402792 310.511223563
-23.3588037974 311.040483628 23.3588037974 310.963063397
-23.202921293 311.491696443 23.202921293 311.41457674
-23.047438842 312.019792172 23.047438842 311.942467902
-22.8918090039 312.471671375 22.8918090039 312.394645346
-22.7366458406 312.922888373 22.7366458406 312.846197785
-22.5815706244 313.451696039 22.5815706244 313.374778522
-22.426599859 313.903873805 22.426599859 313.827268959
-22.2721965888 314.431911963 22.2721965888 314.355113681
-22.1175491034 314.884686945 22.1175491034 314.808202862
-21.9633098862 315.337075801 21.9633098862 315.26092425
-21.8094260092 315.865669797 21.8094260092 315.789318988
-21.6554941551 316.318808351 21.6554941551 316.242786412
-21.5022419417 316.846905384 21.5022419417 316.770698671
-21.348691779 317.300622891 21.348691779 317.224748413
-21.1955442888 317.754062409 21.1955442888 317.678534872
-21.0428920018 318.28268213 21.0428920018 318.206967213
-20.890123281 318.736817337 20.890123281 318.661450087
-20.7378899133 319.190291322 20.7378899133 319.115312556
-20.5857823835 319.719770482 20.5857823835 319.644578615
-20.4338649839 320.174269048 20.4338649839 320.0994431
-20.2825298758 320.703031997 20.2825298758 320.628027823
-20.1310543413 321.158212521 20.1310543413 321.08357708
-19.9801037913 321.612868655 19.9801037913 321.538631434
-19.8294081422 322.142437469 19.8294081422 322.068007085
-19.6788607639 322.598030972 19.6788607639 322.523988577
-19.5289447054 323.127031138 19.5289447054 323.052818633
-19.3788988395 323.58331702 19.3788988395 323.509496556
-19.2294041962 324.039098172 19.2294041962 323.965699094
-19.0801981239 324.568952081 19.0801981239 324.495368377
-18.9311681688 325.025684595 18.9311681688 324.952513825
-18.7827831025 325.555013469 18.7827831025 325.481680044
-18.634312404 326.012468192 18.634312404 325.939552466
-18.4864557308 326.469317546 18.4864557308 326.396858768
-18.3388250254 326.999659171 18.3388250254 326.927014096
-18.191472429 327.457565761 18.191472429 327.385361865
-18.044735129 327.987330384 18.044735129 327.91497033
-17.8979954417 328.446016132 17.8979954417 328.374102039
-17.7520794102 328.975532408 17.7520794102 328.903471555
-17.6060058395 329.434917607 17.6060058395 329.363310309
-17.4605078873 329.894005248 17.4605078873 329.822872471
-17.3155322715 330.424355216 17.3155322715 330.35307011
-17.170694191 330.884316686 17.170694191 330.813508996
-17.0266146474 331.414379012 17.0266146474 331.343431245
-16.8824991047 331.875104385 16.8824991047 331.804641728
-16.7390949568 332.335186779 16.7390949568 332.26525578
-16.5959481956 332.866475462 16.5959481956 332.796374592
-16.4532074414 333.327699693 16.4532074414 333.25811316
-16.3110824825 333.858486253 16.3110824825 333.788763413
-16.1691129071 334.320580042 16.1691129071 334.251377563
-16.027948996 334.851176138 16.027948996 334.781847571
-15.8868031675 335.314069386 15.8868031675 335.245270385
-15.7464873229 335.77607925 15.7464873229 335.707904925
-15.6063150676 336.308248306 15.6063150676 336.239870475
-15.4667240533 336.771603207 15.4667240533 336.703790308
-15.327696457 337.303161772 15.327696457 337.235222528
-15.1889697922 337.767467592 15.1889697922 337.70009851
-15.0509973327 338.298850055 15.0509973327 338.231366884
-14.9131915687 338.764024692 14.9131915687 338.697121406
-14.7762706562 339.295345914 14.7762706562 339.228336494
-14.639428429 339.761359248 14.639428429 339.694941049
-14.5035704675 340.292680812 14.5035704675 340.226163071
-14.3677291731 340.759522423 14.3677291731 340.693608134
-14.2327017105 341.225870398 14.2327017105 341.160596465
-14.0981461201 341.758554585 14.0981461201 341.693163037
-13.9641107367 342.225956254 13.9641107367 342.161206322
-13.8307340736 342.758488974 13.8307340736 342.693639158
-13.6977530576 343.226839968 13.6977530576 343.162641456
-13.5655491981 343.759355447 13.5655491981 343.695066575
-13.4336662005 344.228622611 13.4336662005 344.164997144
-13.3026471887 344.761186282 13.3026471887 344.69747782
-13.1719001896 345.231357678 13.1719001896 345.168325919
-13.0420841982 345.764012424 13.0420841982 345.700904101
-12.9125101952 346.235079586 12.9125101952 346.172662057
-12.7839177687 346.767859992 12.7839177687 346.705371799
-12.6555515521 347.239822041 12.6555515521 347.178039325
-12.528204924 347.772756484 12.528204924 347.710908672
-12.401079937 348.245616579 12.401079937 348.184489419
-12.2750022834 348.778729733 12.2750022834 348.717542809
-12.1491510162 349.252493318 12.1491510162 349.192042655
-12.0243659732 349.785807661 12.0243659732 349.725302381
-11.8998218518 350.2604751 11.8998218518 350.200722105
-11.7763526841 350.794014022 11.7763526841 350.73421137
-11.6531475305 351.269589744 11.6531475305 351.210555811
-11.531017439 351.803375779 11.531017439 351.744296966
-11.4091835793 352.279859875 11.4091835793 352.221566641
-11.2884149865 352.813917376 11.2884149865 352.755583816
-11.1679854386 353.291304298 11.1679854386 353.233773671
-11.0485994832 353.825661283 11.0485994832 353.768094583
-10.9296085288 354.303936771 10.9296085288 354.247191006
-10.8116243248 354.838627897 10.8116243248 354.781849844
-10.6941078214 355.31776655 10.6941078214 355.26182843
-10.5775414455 355.852837426 10.5775414455 355.796869978
-10.4615408434 356.332784035 10.4615408434 356.27767759
-10.3464020192 356.86830636 10.3464020192 356.813171643
-10.2319758574 357.348920787 10.2319758574 357.294675689
-10.1182564593 357.885046541 10.1182564593 357.830766864
-10.0055473413 358.420070898 10.0055473413 358.365780672
-9.89315475473 358.903062607 9.89315475473 358.849660539
-9.78194431786 359.438487701 9.78194431786 359.38507862
-9.67114756803 359.922345678 9.67114756803 359.869844283
-9.56144590321 360.458227489 9.56144590321 360.405721776
-9.4522891981 360.9428572 9.4522891981 360.891281043
-9.344096177 361.479295776 9.344096177 361.427715768
-9.23666588893 361.964387066 9.23666588893 361.913773547
-9.12994017542 362.501681744 9.12994017542 362.451050001
-9.02426465386 363.03782391 9.02426465386 362.987202115
-8.91902416241 363.525354234 8.91902416241 363.475693949
-8.81491214036 364.06202227 8.81491214036 364.012373943
-8.71140703137 364.55020258 8.71140703137 364.501540009
-8.60884062479 365.087565835 8.60884062479 365.038913189
-8.50725837704 365.624144338 8.50725837704 365.575513333
-8.4060907248 366.114413633 8.4060907248 366.066779403
-8.30610796919 366.651537302 8.30610796919 366.603926641
-8.20671859871 367.142426082 8.20671859871 367.095835898
-8.10831168587 367.680278157 8.10831168587 367.633709672
-8.01088439208 368.217408655 8.01088439208 368.170871877
-7.91390869582 368.710289968 7.91390869582 368.664786267
-7.81809987105 369.248023055 7.81809987105 369.202552211
-7.72296841185 369.741308249 7.72296841185 369.696898669
-7.62872849374 370.279951643 7.62872849374 370.235568257
-7.53549730812 370.817743734 7.53549730812 370.773400479
-7.44281572252 371.313032031 7.44281572252 371.269759746
-7.35119782826 371.851560144 7.35119782826 371.808326887
-7.26053876472 372.389493038 7.26053876472 372.346305833
-7.1703636723 372.88657042 7.1703636723 372.844469072
-7.08133719315 373.42517908 7.08133719315 373.383123855
-6.99312241572 373.922061549 6.99312241572 373.881145492
-6.90560568926 374.462066065 6.90560568926 374.421163717
-6.81915595358 375.000842086 6.81915595358 374.959991226
-6.73343582188 375.49961547 6.73343582188 375.459900431
-6.64853620066 376.039565015 6.64853620066 375.999887529
-6.56464973927 376.578563064 6.56464973927 376.538941414
-6.48147577544 377.078907369 6.48147577544 377.040435627
-6.39913944056 377.61907382 6.39913944056 377.580645387
-6.31779985501 378.158337698 6.31779985501 378.119968629
-6.23720183222 378.660005144 6.23720183222 378.622807489
-6.15738532766 379.200580554 6.15738532766 379.163423853
-6.078571676 379.740151524 6.078571676 379.703056926
-6.00065661302 380.279323929 6.00065661302 380.242294869
-5.92323129765 380.784042789 5.92323129765 380.74817918
-5.84691620784 381.323971878 5.84691620784 381.288172183
-5.77149676042 381.863466392 5.77149676042 381.827734388
-5.69662431894 382.369373739 5.69662431894 382.33482381
-5.62277083658 382.909745143 5.62277083658 382.875259406
-5.54981597942 383.449595063 5.54981597942 383.415178446
-5.47751374064 383.956348275 5.47751374064 383.923135721
-5.4060618196 384.497382548 5.4060618196 384.46422869
-5.33553259976 385.037643353 5.33553259976 385.004559041
-5.26585796828 385.577546973 5.26585796828 385.54453529
-5.19671108182 386.086712266 5.19671108182 386.054908092
-5.12855486719 386.627509261 5.12855486719 386.595773042
-5.06125912235 387.167815576 5.06125912235 387.136151993
-4.99469379674 387.677017191 4.99469379674 387.646608735
-4.92878692903 388.219012135 4.92878692903 388.188639568
-4.86381447504 388.759829362 4.86381447504 388.729527553
-4.79966729338 389.300251551 4.79966729338 389.270024403
-4.73616911808 389.811559541 4.73616911808 389.782576788
-4.67341564284 390.353373903 4.67341564284 390.324447838
-4.61153091822 390.894313667 4.61153091822 390.865459555
-4.55044412688 391.434894239 4.55044412688 391.40611585
-4.4900081325 391.94765504 4.4900081325 391.920135054
-4.43026370477 392.489744788 4.43026370477 392.462276674
-4.37136885633 393.030880023 4.37136885633 393.003483655
-4.31324856117 393.571652848 4.31324856117 393.544332428
-4.2558810131 394.112182487 4.2558810131 394.084938431
-4.1989808379 394.627972696 4.1989808379 394.601971898
-4.14297075778 395.169396555 4.14297075778 395.143465053
-4.08771622994 395.710400659 4.08771622994 395.684544447
-4.03319310526 396.251145292 4.03319310526 396.225365123
-3.97921329995 396.767696352 3.97921329995 396.743174689
-3.92596340667 397.309662913 3.92596340667 397.285201475
-3.87346556447 397.850966336 3.87346556447 397.826577652
-3.82168041009 398.391961758 3.82168041009 398.367648636
-3.7705888648 398.932728588 3.7705888648 398.908489374
-3.71997540096 399.451264468 3.71997540096 399.428281658
-3.67010845939 399.993093855 3.67010845939 399.97017399
-3.62094521755 400.534412848 3.62094521755 400.511566516
-3.5724593898 401.075454818 3.5724593898 401.052682681
-3.52463162137 401.616275282 3.52463162137 401.593574337
-3.47727599642 402.136182812 3.47727599642 402.114742136
-3.43059679182 402.678154986 3.43059679182 402.656772976
-3.38459094177 403.219571435 3.38459094177 403.198261952
-3.33923157546 403.760705196 3.33923157546 403.739468457
-3.29449836013 404.301612279 3.29449836013 404.280444518
-3.25037070642 404.842315295 3.25037070642 404.821212124
-3.20661174828 405.364551522 3.20661174828 405.344700513
-3.16357910782 405.90618087 3.16357910782 405.886398093
-3.12116806577 406.447467121 3.12116806577 406.427756486
-3.07935732097 406.988507132 3.07935732097 406.968864714
-3.03812484491 407.52933065 3.03812484491 407.509751442
-2.99739872578 408.051118007 2.99739872578 408.032835504
-2.9571071009 408.593799783 2.95710710091 408.575530364
-2.91745286186 409.135372331 2.91745286186 409.117172349
-2.87838250791 409.676625119 2.87838250791 409.658495123
-2.83987246993 410.217632678 2.83987246993 410.199567096
-2.80189938175 410.758421864 2.80189938175 410.740415064
-2.76444240483 411.299010277 2.76444240483 411.281057445
-2.72733558899 411.823675792 2.72733558899 411.806971302
-2.69079337914 412.36541182 2.69079337914 412.348769884
-2.65480901244 412.906733436 2.65480901244 412.890161586
-2.61935645074 413.447786552 2.61935645074 413.431278262
-2.58440949625 413.988607168 2.58440949625 413.972155735
-2.54994554504 414.529217103 2.54994554504 414.51281705
-2.51594552316 415.069633062 2.51594552316 415.053280005
-2.48226796638 415.595570378 2.48226796638 415.580460265
-2.44909208116 416.137239191 2.44909208116 416.122192066
-2.41644019298 416.678479639 2.41644019298 416.66350151
-2.38428123805 417.219442089 2.38428123805 417.204524115
-2.35258626169 417.760165305 2.35258626169 417.745299878
-2.32133196921 418.300674155 2.32133196921 418.285855515
-2.2904995366 418.840987529 2.2904995366 418.826211265
-2.26007330362 419.381120511 2.26007330362 419.366383146
-2.22991453918 419.908662036 2.22991453918 419.895162133
-2.20024504637 420.45007639 2.20024504637 420.436648023
-2.17105861555 420.991113649 2.17105861555 420.977750487
-2.1423168834 421.531871771 2.1423168834 421.518562796
-2.11398980997 422.072390412 2.11398980997 422.059127804
-2.08605499608 422.612696753 2.08605499608 422.599474972
-2.05849499621 423.152811142 2.05849499621 423.139626088
-2.03129559757 423.692749471 2.03129559757 423.679597986
-2.00444479471 424.232524552 2.00444479471 424.219404115
-1.9778146371 424.761658004 1.9778146371 424.749779154
-1.95167012138 425.302782267 1.95167012138 425.290978868
-1.92596216371 425.843545906 1.92596216371 425.831801607
-1.90064677567 426.384028564 1.90064677567 426.372331511
-1.87569459373 426.924273824 1.87569459373 426.912616508
-1.85108496529 427.464311333 1.85108496529 427.452688674
-1.82680226468 428.004162662 1.82680226468 427.992570998
-1.80283397398 428.543844266 1.80283397398 428.532280824
-1.77916962992 429.083369169 1.77916962992 429.071831762
-1.75580020615 429.622747986 1.75580020615 429.611234838
-1.73262428124 430.15299769 1.73262428124 430.142724232
-1.70989384054 430.693896212 1.70989384054 430.683702027
-1.68756315755 431.234395069 1.68756315755 431.224256418
-1.66557986308 431.774595849 1.66557986308 431.764499366
-1.64391339237 432.314553498 1.64391339237 432.304491484
-1.6225437096 432.854303201 1.6225437096 432.844270725
-1.60145629335 433.393869383 1.60145629335 433.383863019
-1.58063983536 433.933270035 1.58063983536 433.923287253
-1.56008506553 434.472519017 1.56008506553 434.462557867
-1.53978409512 435.011627391 1.53978409512 435.001686313
-1.51973002225 435.550604236 1.51973002225 435.540681946
-1.49991213478 436.079676971 1.49991213478 436.071174332
-1.48028717783 436.621416092 1.48028717783 436.612779528
-1.46110972966 437.161853832 1.46110972966 437.153286955
-1.44226807416 437.701894004 1.44226807416 437.693372204
-1.42371453508 438.241643659 1.42371453508 438.233155483
-1.40542324235 438.781160764 1.40542324235 438.772699839
-1.38737760991 439.320481254 1.38737760991 439.312043557
-1.36956574956 439.859629525 1.36956574956 439.851212287
-1.35197846596 440.398623254 1.35197846596 440.39022445
-1.33460825382 440.937475893 1.33460825382 440.929093967
-1.31744874401 441.476198068 1.31744874401 441.467831783
-1.30049437337 442.014798426 1.30049437337 442.006446771
-1.28374017596 442.553284173 1.28374017596 442.544946301
-1.26718164439 443.091661435 1.26718164439 443.083336625
-1.25081463394 443.629935502 1.25081463394 443.621623128
-1.2346289717 444.162979373 1.2346289717 444.155947736
-1.21886841646 444.70301764 1.21886841646 444.696052576
-1.20339654273 445.242608289 1.20339654273 445.235682109
-1.18816358383 445.781894997 1.18816358383 445.774996483
-1.17314514078 446.320948215 1.17314514078 446.314071504
-1.15832640802 446.859809043 1.15832640802 446.852950579
-1.14369714726 447.398504253 1.14369714726 447.391661658
-1.12924963556 447.937052657 1.12924963556 447.930224227
-1.11497768228 448.475468225 1.11497768228 448.468652678
-1.10087610261 449.013761778 1.10087610261 449.006958109
-1.08694041119 449.551941979 1.08694041119 449.545149377
-1.07316663215 450.090015948 1.07316663215 450.083233741
-1.05955117501 450.627989663 1.05955117501 450.621217285
-1.04609075018 451.165868237 1.04609075018 451.1591052
-1.03278230935 451.703656107 1.03278230935 451.696901985
-1.01962300212 452.241357172 1.01962300212 452.234611591
-1.00661014372 452.778974896 1.00661014372 452.772237524
-0.993721675105 453.311971369 0.993721675105 453.306486918
-0.981232074994 453.851844606 0.981232074994 453.846451498
-0.96902347298 454.391047711 0.969023472981 454.385694099
-0.957018286171 454.929876735 0.957018286171 454.924547864
-0.945187410515 455.468444994 0.945187410515 455.463134292
-0.933515444368 456.006810524 0.933515444368 456.001514361
-0.921992619505 456.545008102 0.921992619505 456.539724203
-0.91061199593 457.08306075 0.91061199593 457.07778756
-0.89936824645 457.620984803 0.89936824645 457.615721197
-0.888257049978 458.15879246 0.888257049978 458.153537581
-0.877274756839 458.696493196 0.877274756839 458.691246371
-0.866418189752 459.234094605 0.866418189753 459.228855289
-0.855684518339 459.771602928 0.855684518339 459.766370669
-0.845071176152 460.309023402 0.845071176152 460.303797819
-0.834575803642 460.8463605 0.834575803642 460.841141263
-0.824196207623 461.383618095 0.824196207623 461.37840492
-0.813930331651 461.92079959 0.813930331651 461.915592225
-0.80377623384 462.457908001 0.80377623384 462.452706221
-0.793732069872 462.994946029 0.793732069872 462.989749634
-0.783796079765 463.531916115 0.783796079765 463.526724921
-0.773966577355 464.068820475 0.773966577355 464.063634317
-0.764241941838 464.605661142 0.764241941838 464.600479867
-0.754620610857 465.142439985 0.754620610857 465.137263452
-0.745131833925 465.676480235 0.745131833925 465.672594355
-0.73606429286 466.215706017 0.73606429286 466.211894526
-0.727211465672 466.754181563 0.727211465672 466.750398823
-0.718506641021 467.292274519 0.718506641021 467.288509054
-0.709926762397 467.83011204 0.709926762397 467.826358923
-0.70146005866 468.36775652 0.70146005866 468.364013086
-0.693099246487 468.905244341 0.693099246487 468.901508949
-0.68483925027 469.442599097 0.68483925027 469.43887064
-0.676676234155 469.979837238 0.676676234155 469.976114927
-0.668607125633 470.516970865 0.668607125633 470.513254104
-0.660629355571 471.054009246 0.660629355572 471.050297575
-0.652740705043 471.590959716 0.652740705043 471.587252764
-0.644939209529 472.127828232 0.644939209529 472.124125696
-0.637223096074 472.66461974 0.637223096074 472.660921366
-0.629590740386 473.201338419 0.629590740386 473.19764399
-0.622040636583 473.737987858 0.622040636583 473.734297188
-0.614571375228 474.27457118 0.614571375228 474.270884104
-0.607181627 474.81109113 0.607181627 474.807407505
-0.599870130279 475.347550153 0.599870130279 475.34386985
-0.592635681535 475.883950438 0.592635681535 475.88027334
-0.585477127757 476.420293965 0.585477127758 476.416619967
-0.578393360394 476.956582536 0.578393360394 476.952911542
-0.571383310439 477.4928178 0.57138331044 477.489149722
-0.564445944401 478.029001277 0.564445944401 478.025336034
-0.557580260943 478.565134373 0.557580260943 478.561471889
-0.550785288073 479.101218393 0.550785288073 479.097558598
-0.544060080753 479.637254559 0.544060080753 479.633597387
-0.537403718858 480.173244011 0.537403718858 480.169589402
-0.530815305409 480.709187826 0.530815305409 480.705535719
-0.524293965043 481.245087013 0.524293965043 481.241437356
-0.517838842669 481.780942532 0.517838842669 481.777295272
-0.511449102283 482.316755288 0.511449102283 482.313110376
-0.505123925916 482.852526144 0.505123925916 482.848883534
-0.498867044887 483.386038406 0.498867044887 483.383665574
-0.493073753288 483.92508686 0.493073753288 483.92282081
-0.487477920182 484.462839226 0.487477920182 484.460595946
-0.481985677204 485.000116043 0.481985677204 484.997884577
-0.476575176053 485.537109891 0.476575176053 485.534886239
-0.471236664051 486.073903748 0.471236664051 486.071685918
-0.465964566075 486.610542605 0.465964566075 486.608329433
-0.460755207095 487.147054233 0.460755207096 487.144844965
-0.455605924459 487.683457287 0.455605924459 487.6812514
-0.450514654837 488.219765079 0.450514654838 488.21756219
-0.445479717815 488.755987546 0.445479717815 488.753787365
-0.440499692306 489.292132376 0.440499692306 489.289934674
-0.435573341202 489.828205687 0.435573341202 489.82601028
-0.430699562974 490.364212464 0.430699562974 490.362019201
-0.425877359243 490.900156849 0.425877359243 490.897965603
-0.421105812285 491.436042344 0.421105812285 491.433853007
-0.416384068938 491.971871949 0.416384068938 491.969684427
-0.411711328809 492.507648268 0.411711328809 492.505462481
-0.407086835421 493.043373588 0.407086835421 493.041189465
-0.40250986945 493.579049936 0.40250986945 493.576867411
-0.397979743453 494.11467912 0.397979743453 494.112498137
-0.393495797709 494.650262772 0.393495797709 494.648083279
-0.389057396875 495.18580237 0.389057396875 495.18362432
-0.384663927276 495.721299264 0.384663927276 495.719122614
-0.380314794678 496.256754692 0.380314794679 496.254579402
-0.376009422434 496.792169794 0.376009422434 496.789995828
-0.371747249927 497.32754563 0.371747249927 497.325372953
-0.367527731261 497.862883181 0.367527731261 497.860711763
-0.363350334131 498.398183368 0.363350334131 498.396013178
-0.359214538857 498.933447052 0.359214538857 498.931278062
-0.355119837541 499.468675041 0.355119837541 499.466507226
-0.351065733339 500.003868099 0.351065733339 500.001701434
-0.347051739808 500.539026949 0.347051739808 500.53686141
-0.34307738034 501.074152274 0.34307738034 501.071987839
-0.339142187649 501.609244724 0.339142187649 501.607081373
-0.335245703318 502.144304919 0.335245703318 502.142142631
-0.331387477388 502.679333449 0.331387477388 502.677172205
-0.327567067989 503.214330879 0.327567067989 503.212170659
-0.323784041 503.749297748 0.323784041 503.747138537
-0.320037969744 504.284234577 0.320037969745 504.282076356
-0.316328434709 504.819141862 0.316328434709 504.816984616
-0.312655023282 505.354020083 0.312655023282 505.351863795
-0.309017329516 505.888869701 0.309017329516 505.886714357
-0.305414953907 506.423691161 0.305414953907 506.421536746
-0.30184750319 506.958484892 0.30184750319 506.956331393
-0.298314590141 507.493251311 0.298314590141 507.491098714
-0.294815833407 508.027990818 0.294815833407 508.02583911
-0.291350857329 508.562703804 0.291350857329 508.560552971
-0.287919291791 509.097390644 0.287919291791 509.095240675
-0.284520772067 509.632051706 0.284520772067 509.629902587
-0.281154938684 510.166687343 0.281154938684 510.164539065
-0.277821437284 510.701297903 0.277821437284 510.699150453
-0.274519918503 511.23588372 0.274519918503 511.233737087
-0.271250037849 511.770445121 0.271250037849 511.768299295
-0.268011455588 512.304982426 0.268011455588 512.302837396
-0.264803836637 512.839495942 0.264803836637 512.837351699
-0.261626850456 513.373985974 0.261626850456 513.371842506
-0.258480170955 513.908452816 0.258480170955 513.906310114
-0.255363476394 514.442896755 0.255363476394 514.440754811
-0.252276449294 514.977318073 0.252276449294 514.975176877
-0.249303017024 515.511762445 0.249303017024 515.510989319
-0.246861677022 516.049487895 0.246861677022 516.048747364
-0.244508132595 516.585937622 0.244508132595 516.585204274
-0.242199432526 517.121931517 0.242199432526 517.121201848
-0.239925393849 517.657660581 0.23992539385 517.656933298
-0.237681486006 518.193206908 0.237681486006 518.192481366
-0.235465144566 518.72861486 0.235465144566 518.727890681
-0.233274701611 519.263911691 0.233274701611 519.263188632
-0.23110896694 519.799115607 0.23110896694 519.798393501
-0.228967032708 520.334239515 0.228967032708 520.333518238
-0.226848170918 520.869292978 0.226848170918 520.868572438
-0.22475177485 521.404283335 0.22475177485 521.403563461
-0.222677323344 521.939216376 0.222677323344 521.93849711
-0.220624357875 522.474096776 0.220624357875 522.473378072
-0.218592467209 523.008928382 0.218592467209 523.008210199
-0.216581276773 523.543714411 0.216581276773 523.542996718
-0.214590441069 524.078457594 0.214590441069 524.077740363
-0.212619638131 524.613160278 0.212619638131 524.612443484
-0.21066856537 525.147824501 0.21066856537 525.147108123
-0.208736936417 525.682452048 0.208736936417 525.681736067
-0.206824478671 526.217044499 0.206824478671 526.216328899
-0.204930931372 526.751603264 0.204930931372 526.75088803
-0.20305604406 527.286129605 0.20305604406 527.285414724
-0.201199575332 527.820624665 0.201199575332 527.819910125
-0.199361291829 528.355089481 0.199361291829 528.354375271
-0.197540967395 528.889525001 0.197540967395 528.88881111
-0.195738382378 529.423932093 0.195738382378 529.423218513
-0.193953323044 529.958311559 0.193953323044 529.957598281
-0.19218558108 530.49266414 0.19218558108 530.491951157
-0.190434953162 531.026990527 0.190434953162 531.02627783
-0.188701240596 531.561291362 0.188701240596 531.560578944
-0.186984248995 532.095567245 0.186984248995 532.094855101
-0.185283788004 532.62981874 0.185283788004 532.629106864
-0.183599671056 533.16404638 0.183599671056 533.163334765
-0.181931715158 533.698250663 0.181931715158 533.697539304
-0.1802797407 534.232432064 0.1802797407 534.231720956
-0.178643571288 534.766591031 0.178643571288 534.765880169
-0.177023033584 535.30072799 0.177023033584 535.300017371
-0.175417957178 535.834843349 0.175417957178 535.834132966
-0.173828174457 536.368937492 0.173828174457 536.368227343
-0.172253520497 536.903010791 0.172253520497 536.902300871
-0.170693832957 537.437063599 0.170693832957 537.436353904
-0.169148951985 537.971096254 0.169148951985 537.970386781
-0.167618720133 538.505109084 0.167618720133 538.504399828
-0.166102982276 539.039102399 0.166102982277 539.038393358
-0.16460158554 539.573076502 0.16460158554 539.572367673
-0.163114379229 540.107031683 0.163114379229 540.106323062
-0.161641214765 540.640968221 0.161641214765 540.640259805
-0.160181945628 541.174886388 0.160181945628 541.174178174
-0.1587364273 541.708786444 0.1587364273 541.708078429
-0.15730451721 542.242668642 0.15730451721 542.241960824
-0.155886074688 542.776533229 0.155886074688 542.775825604
-0.154480960916 543.310380441 0.154480960916 543.309673007
-0.153089038886 543.844210509 0.153089038886 543.843503264
-0.151710173358 544.378023657 0.151710173358 544.377316599
-0.150344230817 544.911820103 0.150344230817 544.911113229
-0.148991079442 545.445600059 0.148991079442 545.444893366
-0.147650589064 545.979363731 0.147650589064 545.978657218
-0.146322631133 546.513111321 0.146322631133 546.512404984
-0.145007078689 547.046843023 0.145007078689 547.046136861
-0.143703806326 547.580559028 0.143703806326 547.57985304
-0.142412690164 548.114259524 0.142412690164 548.113553707
-0.141133607821 548.647944692 0.141133607821 548.647239043
-0.139866438383 549.181614709 0.139866438383 549.180909228
-0.13861106238 549.71526975 0.13861106238 549.714564433
-0.137367361757 550.248909984 0.137367361757 550.24820483
-0.136135219853 550.782535577 0.136135219853 550.781830585
-0.134914521374 551.316146692 0.134914521374 551.315441859
-0.13370515237 551.849743488 0.13370515237 551.849038813
-0.132507000213 552.383326121 0.132507000213 552.382621603
-0.131319953579 552.916894744 0.131319953579 552.91619038
-0.130143902418 553.450449507 0.130143902418 553.449745295
-0.128978737943 553.983990556 0.128978737943 553.983286496
-0.127824352605 554.517518035 0.127824352605 554.516814125
-0.126680640074 555.051032087 0.126680640074 555.050328325
-0.125547495222 555.584532849 0.125547495222 555.583829234
-0.124424814104 556.118020459 0.124424814104 556.117316988
-0.123312493937 556.651495049 0.123312493937 556.650791722
-0.122210433088 557.184956752 0.122210433088 557.184253567
-0.121118531056 557.718405696 0.121118531056 557.717702652
-0.120036688451 558.251842009 0.120036688451 558.251139104
-0.118964806982 558.785265815 0.118964806982 558.784563048
-0.117902789441 559.318677238 0.117902789441 559.317974607
-0.116850539688 559.852076398 0.116850539688 559.851373902
-0.115807962632 560.385463413 0.115807962632 560.384761052
-0.114774964221 560.918838402 0.114774964221 560.918136173
-0.113751451427 561.452201478 0.113751451427 561.451499381
-0.112737332229 561.985552756 0.112737332229 561.984850789
-0.111732515602 562.518892347 0.111732515602 562.518190509
-0.110736911503 563.052220361 0.110736911503 563.05151865
-0.109750430857 563.585536907 0.109750430857 563.584835322
-0.108772985545 564.11884209 0.108772985545 564.118140631
-0.107804488392 564.652136017 0.107804488392 564.651434682
-0.106844853151 565.18541879 0.106844853151 565.184717579
-0.105893994496 565.718690513 0.105893994496 565.717989423
-0.104951828006 566.251951285 0.104951828006 566.251250316
-0.104018270155 566.785201207 0.104018270155 566.784500357
-0.103093238302 567.318440375 0.103093238302 567.317739645
-0.102176650675 567.851668888 0.102176650675 567.850968275
-0.101268426365 568.384886839 0.101268426365 568.384186343
-0.100368485313 568.918094324 0.100368485313 568.917393943
-0.0994767482982 569.451291434 0.0994767482982 569.450591167
-0.0985931369304 569.984478262 0.0985931369304 569.983778109
-0.0977175736366 570.517654898 0.0977175736366 570.516954857
-0.0968499816528 571.050821431 0.0968499816528 571.050121502
-0.0959902850132 571.58397795 0.0959902850132 571.583278131
-0.095138408541 572.11712454 0.095138408541 572.116424831
-0.0942942778381 572.650261289 0.0942942778381 572.649561689
-0.0934578192762 573.183388282 0.0934578192762 573.182688789
-0.092628959987 573.7165056 0.0926289599871 573.715806214
-0.0918076278536 574.249613329 0.0918076278536 574.248914049
-0.0909937515007 574.782711549 0.0909937515007 574.782012374
-0.0901872602864 575.315800341 0.0901872602864 575.31510127
-0.0893880842931 575.848879785 0.0893880842931 575.848180817
-0.0885961543192 576.38194996 0.0885961543192 576.381251095
-0.08781140187 576.915010945 0.08781140187 576.91431218
-0.0870337591502 577.448062814 0.0870337591502 577.447364151
-0.0862631590551 577.981105647 0.0862631590551 577.980407082
-0.0854995351625 578.514139516 0.0854995351625 578.513441051
-0.0847428217251 579.047164497 0.0847428217251 579.04646613
-0.0839929536623 579.580180664 0.0839929536624 579.579482394
-0.0832498665528 580.113188089 0.0832498665529 580.112489915
-0.0825134966267 580.646186844 0.0825134966267 580.645488766
-0.0817837807578 581.179177 0.0817837807578 581.178479017
-0.0810606564568 581.712158628 0.0810606564568 581.711460739
-0.0803440618637 582.245131797 0.0803440618637 582.244434002
-0.0796339357403 582.778096576 0.0796339357403 582.777398874
-0.0789302174636 583.311053034 0.0789302174636 583.310355423
-0.0782328470186 583.844001237 0.0782328470186 583.843303717
-0.0775417649914 584.376941252 0.0775417649914 584.376243823
-0.0768569125623 584.909873145 0.0768569125623 584.909175806
-0.0761782314995 585.442796982 0.0761782314995 585.442099731
-0.0755056641519 585.975712826 0.0755056641519 585.975015664
-0.0748391534433 586.508620743 0.0748391534433 586.507923668
-0.0741786428652 587.041520794 0.0741786428652 587.040823806
-0.0735240764711 587.574413043 0.0735240764711 587.573716141
-0.0728753988699 588.107297552 0.0728753988699 588.106600735
-0.0722325552199 588.640174381 0.0722325552199 588.63947765
-0.0715954912225 589.173043592 0.0715954912225 589.172346945
-0.0709641531166 589.705905245 0.0709641531166 589.705208681
-0.0703384876722 590.238759399 0.0703384876722 590.238062917
-0.0697184421849 590.771606112 0.0697184421849 590.770909713
-0.0691039644699 591.304445444 0.0691039644699 591.303749126
-0.0684950028565 591.837277451 0.0684950028565 591.836581214
-0.0678915061825 592.370102192 0.0678915061825 592.369406035
-0.0672934237885 592.902919722 0.0672934237885 592.902223645
-0.0667007055123 593.435730098 0.0667007055123 593.435034099
-0.066113301684 593.968533374 0.066113301684 593.967837454
-0.0655311631202 594.501329607 0.0655311631202 594.500633765
-0.0649542411188 595.03411885 0.0649542411188 595.033423085
-0.0643824874541 595.566901158 0.0643824874541 595.56620547
-0.0638158543714 596.099676583 0.0638158543714 596.098980971
-0.063254294582 596.632445179 0.063254294582 596.631749642
-0.0626977612581 597.165206998 0.0626977612581 597.164511536
-0.0621462080282 597.697962092 0.0621462080283 597.697266704
-0.0615995889719 598.230710511 0.0615995889719 598.230015197
-0.061057858615 598.763452308 0.061057858615 598.762757067
-0.0605209719251 599.296187533 0.0605209719251 599.295492364
-0.0599888843067 599.828916235 0.0599888843068 599.828221138
-0.0594615515967 600.361638464 0.0594615515967 600.360943439
-0.0589389300595 600.894354269 0.0589389300595 600.893659315
-0.0584209763828 601.427063699 0.0584209763828 601.426368815
-0.057907647673 601.959766801 0.057907647673 601.959071987
-0.0573989014508 602.492463624 0.0573989014508 602.49176888
-0.0568946956468 603.025154215 0.0568946956468 603.02445954
