-25.0 9.89098523274
-24.75 9.80024734918
-24.5 9.70978666833
-24.25 9.61960921605
-24.0 9.52972196019
-23.75 9.44013283147
-23.5 9.35085073992
-23.25 9.26188558677
-23.0 9.17324827154
-22.75 9.08495069404
-22.5 8.99700575103
-22.25 8.90942732743
-22.0 8.82223028183
-21.75 8.73543042608
-21.5 8.64904449891
-21.25 8.56309013345
-21.0 8.47758581851
-20.75 8.39255085372
-20.5 8.30800529845
-20.25 8.22396991474
-20.0 8.14046610414
-19.75 8.05751583899
-19.5 7.97514158807
-19.25 7.89336623726
-19.0 7.81221300537
-18.75 7.73170535558
-18.5 7.65186690322
-18.25 7.57272131999
-18.0 7.49429223543
-17.75 7.4166031361
-17.5 7.33967726281
-17.25 7.26353750647
-17.0 7.18820630296
-16.75 7.11370552729
-16.5 7.04005638726
-16.25 6.96727931693
-16.0 6.89539386992
-15.75 6.82441861266
-15.5 6.75437101757
-15.25 6.68526735628
-15.0 6.61712259307
-14.75 6.54995027857
-14.5 6.48376244419
-14.25 6.41856949772
-14.0 6.35438012082
-13.75 6.29120116938
-13.5 6.2290375778
-13.25 6.16789226864
-13.0 6.10776606909
-12.75 6.048657636
-12.5 5.99056339112
-12.25 5.93347746827
-12.0 5.87739167406
-11.75 5.82229546354
-11.5 5.76817593196
-11.25 5.71501782335
-11.0 5.66371895387
-10.75 5.61426304025
-10.5 5.56663114363
-10.25 5.52080178389
-10.0 5.47675107093
-9.75 5.43445285083
-9.5 5.39387886438
-9.25 5.35499891555
-9.0 5.3177810474
-8.75 5.28219172285
-8.5 5.24819600807
-8.25 5.2157577564
-8.0 5.18483979095
-7.75 5.15540408442
-7.5 5.12741193496
-7.25 5.10082413721
-7.0 5.07560114792
-6.75 5.05170324587
-6.5 5.02909068589
-6.25 5.00772384708
-6.0 4.9875633754
-5.75 4.96857032067
-5.5 4.95070626844
-5.25 4.93393346672
-5.0 4.91821494793
-4.75 4.90351464611
-4.5 4.88979750949
-4.25 4.87702960845
-4.0 4.86517823892
-3.75 4.85421202097
-3.5 4.84410099265
-3.25 4.83481669893
-3.0 4.8263322755
-2.75 4.81862252739
-2.5 4.81166400216
-2.25 4.80543505768
-2.0 4.79991592422
-1.75 4.79508876088
-1.5 4.79093770616
-1.25 4.78744892271
-1.0 4.7846106362
-0.75 4.78241316816
-0.5 4.78084896298
-0.25 4.77991260881
0.0 4.77960085254
0.25 4.77991260881
0.5 4.78084896298
0.75 4.78241316816
1.0 4.7846106362
1.25 4.78744892271
1.5 4.79093770616
1.75 4.79508876088
2.0 4.79991592422
2.25 4.80543505768
2.5 4.81166400216
2.75 4.81862252739
3.0 4.8263322755
3.25 4.83481669893
3.5 4.84410099265
3.75 4.85421202097
4.0 4.86517823892
4.25 4.87702960845
4.5 4.88979750949
4.75 4.90351464611
5.0 4.91821494793
5.25 4.93393346672
5.5 4.95070626844
5.75 4.96857032067
6.0 4.9875633754
6.25 5.00772384708
6.5 5.02909068589
6.75 5.05170324587
7.0 5.07560114792
7.25 5.10082413721
7.5 5.12741193496
7.75 5.15540408442
8.0 5.18483979095
8.25 5.2157577564
8.5 5.24819600807
8.75 5.28219172285
9.0 5.3177810474
9.25 5.35499891555
9.5 5.39387886438
9.75 5.43445285083
10.0 5.47675107093
10.25 5.52080178389
10.5 5.56663114363
10.75 5.61426304025
11.0 5.66371895387
11.25 5.71501782335
11.5 5.76817593196
11.75 5.82229546354
12.0 5.87739167406
12.25 5.93347746827
12.5 5.99056339112
12.75 6.048657636
13.0 6.10776606909
13.25 6.16789226864
13.5 6.2290375778
13.75 6.29120116938
14.0 6.35438012082
14.25 6.41856949772
14.5 6.48376244419
14.75 6.54995027857
15.0 6.61712259307
15.25 6.68526735628
15.5 6.75437101757
15.75 6.82441861266
16.0 6.89539386992
16.25 6.96727931693
16.5 7.04005638726
16.75 7.11370552729
17.0 7.18820630296
17.25 7.26353750647
17.5 7.33967726281
17.75 7.4166031361
18.0 7.49429223543
18.25 7.57272131999
18.5 7.65186690322
18.75 7.73170535558
19.0 7.81221300537
19.25 7.89336623726
19.5 7.97514158807
19.75 8.05751583899
20.0 8.14046610414
20.25 8.22396991474
20.5 8.30800529845
20.75 8.39255085372
21.0 8.47758581851
21.25 8.56309013345
21.5 8.64904449891
21.75 8.73543042608
22.0 8.82223028183
22.25 8.90942732743
22.5 8.99700575103
22.75 9.08495069404
23.0 9.17324827154
23.25 9.26188558677
23.5 9.35085073992
23.75 9.44013283147
24.0 9.52972196019
24.25 9.61960921605
24.5 9.70978666833
24.75 9.80024734918
25.0 9.89098523274
-25.0 15.3364196441
-24.75 15.2456817605
-24.5 15.1553423064
-24.25 15.0654086367
-24.0 14.9758882389
-23.75 14.8867887322
-23.5 14.7981178647
-23.25 14.7098835109
-23.0 14.6220936668
-22.75 14.5347564448
-22.5 14.4478800672
-22.25 14.3614728583
-22.0 14.2755432362
-21.75 14.1900997025
-21.5 14.1051508315
-21.25 14.0207052589
-21.0 13.936771668
-20.75 13.8533587767
-20.5 13.7704753221
-20.25 13.6881300452
-20.0 13.6063316742
-19.75 13.5250889074
-19.5 13.444410395
-19.25 13.3643047209
-19.0 13.2847803828
-18.75 13.2058457729
-18.5 13.1275091572
-18.25 13.0497786546
-18.0 12.9726622161
-17.75 12.8961676023
-17.5 12.8203023618
-17.25 12.7450738088
-17.0 12.6704890003
-16.75 12.5965547134
-16.5 12.5232774225
-16.25 12.4506632777
-16.0 12.378718083
-15.75 12.3074472772
-15.5 12.2368559174
-15.25 12.166948666
-15.0 12.0977297852
-14.75 12.0292031377
-14.5 11.9613721986
-14.25 11.894240079
-14.0 11.8278095618
-13.75 11.7620831506
-13.5 11.6970631279
-13.25 11.6327516175
-13.0 11.5691506438
-12.75 11.5062621755
-12.5 11.4440881405
-12.25 11.3826304001
-12.0 11.3218906684
-11.75 11.2618703711
-11.5 11.2025704427
-11.25 11.1439910697
-11.0 11.0861313981
-10.75 11.0289892293
-10.5 10.972560735
-10.25 10.9168402229
-10.0 10.8618199815
-9.75 10.8083939284
-9.5 10.7565554124
-9.25 10.706295509
-9.0 10.6576033199
-8.75 10.6104663398
-8.5 10.5648708518
-8.25 10.5208023165
-8.0 10.4782457204
-7.75 10.4371858672
-7.5 10.397607597
-7.25 10.3594959366
-7.0 10.3228361873
-6.75 10.287613964
-6.5 10.2538151997
-6.25 10.2214261312
-6.0 10.1904332771
-5.75 10.1608234174
-5.5 10.1325835817
-5.25 10.1057010462
-5.0 10.0801633428
-4.75 10.0559582771
-4.5 10.0330739548
-4.25 10.0114988136
-4.0 9.99122165897
-3.75 9.97223170171
-3.5 9.95451859628
-3.25 9.93807247823
-3.0 9.92288400053
-2.75 9.90894436794
-2.5 9.89624536921
-2.25 9.88477940691
-2.0 9.87453952471
-1.75 9.86551943217
-1.5 9.85771352684
-1.25 9.85111691381
-1.0 9.84572542263
-0.75 9.84153562162
-0.5 9.83854482956
-0.25 9.83675112481
0.0 9.83615335176
0.25 9.83675112481
0.5 9.83854482956
0.75 9.84153562162
1.0 9.84572542263
1.25 9.85111691381
1.5 9.85771352684
1.75 9.86551943217
2.0 9.87453952471
2.25 9.88477940691
2.5 9.89624536921
2.75 9.90894436794
3.0 9.92288400053
3.25 9.93807247823
3.5 9.95451859628
3.75 9.97223170171
4.0 9.99122165897
4.25 10.0114988136
4.5 10.0330739548
4.75 10.0559582771
5.0 10.0801633428
5.25 10.1057010462
5.5 10.1325835817
5.75 10.1608234174
6.0 10.1904332771
6.25 10.2214261312
6.5 10.2538151997
6.75 10.287613964
7.0 10.3228361873
7.25 10.3594959366
7.5 10.397607597
7.75 10.4371858672
8.0 10.4782457204
8.25 10.5208023165
8.5 10.5648708518
8.75 10.6104663398
9.0 10.6576033199
9.25 10.706295509
9.5 10.7565554124
9.75 10.8083939284
10.0 10.8618199815
10.25 10.9168402229
10.5 10.972560735
10.75 11.0289892293
11.0 11.0861313981
11.25 11.1439910697
11.5 11.2025704427
11.75 11.2618703711
12.0 11.3218906684
12.25 11.3826304001
12.5 11.4440881405
12.75 11.5062621755
13.0 11.5691506438
13.25 11.6327516175
13.5 11.6970631279
13.75 11.7620831506
14.0 11.8278095618
14.25 11.894240079
14.5 11.9613721986
14.75 12.0292031377
15.0 12.0977297852
15.25 12.166948666
15.5 12.2368559174
15.75 12.3074472772
16.0 12.378718083
16.25 12.4506632777
16.5 12.5232774225
16.75 12.5965547134
17.0 12.6704890003
17.25 12.7450738088
17.5 12.8203023618
17.75 12.8961676023
18.0 12.9726622161
18.25 13.0497786546
18.5 13.1275091572
18.75 13.2058457729
19.0 13.2847803828
19.25 13.3643047209
19.5 13.444410395
19.75 13.5250889074
20.0 13.6063316742
20.25 13.6881300452
20.5 13.7704753221
20.75 13.8533587767
21.0 13.936771668
21.25 14.0207052589
21.5 14.1051508315
21.75 14.1900997025
22.0 14.2755432362
22.25 14.3614728583
22.5 14.4478800672
22.75 14.5347564448
23.0 14.6220936668
23.25 14.7098835109
23.5 14.7981178647
23.75 14.8867887322
24.0 14.9758882389
24.25 15.0654086367
24.5 15.1553423064
24.75 15.2456817605
25.0 15.3364196441
-25.0 20.7936768039
-24.75 20.7029389203
-24.5 20.6125842645
-24.25 20.522619801
-24.0 20.4330524945
-23.75 20.3438893062
-23.5 20.2551371906
-23.25 20.1668030912
-23.0 20.078893937
-22.75 19.9914166386
-22.5 19.9043780837
-22.25 19.8177851331
-22.0 19.7316446165
-21.75 19.6459633276
-21.5 19.56074802
-21.25 19.4760054019
-21.0 19.3917421323
-20.75 19.3079648155
-20.5 19.2246799965
-20.25 19.1418941562
-20.0 19.0596137065
-19.75 18.9778449859
-19.5 18.896594254
-19.25 18.8158676877
-19.0 18.7356713759
-18.75 18.656011316
-18.5 18.5768934089
-18.25 18.4983234558
-18.0 18.4203071541
-17.75 18.3428500942
-17.5 18.2659577568
-17.25 18.18963551
-17.0 18.1138886069
-16.75 18.0387221844
-16.5 17.9641412612
-16.25 17.8901507364
-16.0 17.8167553892
-15.75 17.7439598775
-15.5 17.6717687371
-15.25 17.6001863807
-15.0 17.5292170966
-14.75 17.4588650466
-14.5 17.3891342626
-14.25 17.3200286435
-14.0 17.2515519487
-13.75 17.183707792
-13.5 17.1164996318
-13.25 17.0499307606
-13.0 16.9840042911
-12.75 16.9187231412
-12.5 16.8540900154
-12.25 16.790107385
-12.0 16.7267774658
-11.75 16.6641021942
-11.5 16.6020832023
-11.25 16.5407217917
-11.0 16.4800189082
-10.75 16.419975116
-10.5 16.3605905744
-10.25 16.3018650156
-10.0 16.2437977264
-9.75 16.1863875329
-9.5 16.12963279
-9.25 16.0735313755
-9.0 16.0180806897
-8.75 15.9641796686
-8.5 15.9118307408
-8.25 15.8610356091
-8.0 15.8117952798
-7.75 15.7641100985
-7.5 15.7179797918
-7.25 15.6734035133
-7.0 15.6303798941
-6.75 15.5889070952
-6.5 15.5489828628
-6.25 15.5106045833
-6.0 15.4737693388
-5.75 15.4384739619
-5.5 15.4047150878
-5.25 15.3724892051
-5.0 15.3417927032
-4.75 15.3126219159
-4.5 15.284973163
-4.25 15.2588427867
-4.0 15.2342271853
-3.75 15.2111228434
-3.5 15.1895263579
-3.25 15.1694344619
-3.0 15.1508440446
-2.75 15.1337521694
-2.5 15.1181560887
-2.25 15.1040532576
-2.0 15.0914413446
-1.75 15.0803182411
-1.5 15.07068207
-1.25 15.0625311918
-1.0 15.0558642103
-0.75 15.0506799775
-0.5 15.0469775967
-0.25 15.0447564257
0.0 15.0440160784
0.25 15.0447564257
0.5 15.0469775967
0.75 15.0506799775
1.0 15.0558642103
1.25 15.0625311918
1.5 15.07068207
1.75 15.0803182411
2.0 15.0914413446
2.25 15.1040532576
2.5 15.1181560887
2.75 15.1337521694
3.0 15.1508440446
3.25 15.1694344619
3.5 15.1895263579
3.75 15.2111228434
4.0 15.2342271853
4.25 15.2588427867
4.5 15.284973163
4.75 15.3126219159
5.0 15.3417927032
5.25 15.3724892051
5.5 15.4047150878
5.75 15.4384739619
6.0 15.4737693388
6.25 15.5106045833
6.5 15.5489828628
6.75 15.5889070952
7.0 15.6303798941
7.25 15.6734035133
7.5 15.7179797918
7.75 15.7641100985
8.0 15.8117952798
8.25 15.8610356091
8.5 15.9118307408
8.75 15.9641796686
9.0 16.0180806897
9.25 16.0735313755
9.5 16.12963279
9.75 16.1863875329
10.0 16.2437977264
10.25 16.3018650156
10.5 16.3605905744
10.75 16.419975116
11.0 16.4800189082
11.25 16.5407217917
11.5 16.6020832023
11.75 16.6641021942
12.0 16.7267774658
12.25 16.790107385
12.5 16.8540900154
12.75 16.9187231412
13.0 16.9840042911
13.25 17.0499307606
13.5 17.1164996318
13.75 17.183707792
14.0 17.2515519487
14.25 17.3200286435
14.5 17.3891342626
14.75 17.4588650466
15.0 17.5292170966
15.25 17.6001863807
15.5 17.6717687371
15.75 17.7439598775
16.0 17.8167553892
16.25 17.8901507364
16.5 17.9641412612
16.75 18.0387221844
17.0 18.1138886069
17.25 18.18963551
17.5 18.2659577568
17.75 18.3428500942
18.0 18.4203071541
18.25 18.4983234558
18.5 18.5768934089
18.75 18.656011316
19.0 18.7356713759
19.25 18.8158676877
19.5 18.896594254
19.75 18.9778449859
20.0 19.0596137065
20.25 19.1418941562
20.5 19.2246799965
20.75 19.3079648155
21.0 19.3917421323
21.25 19.4760054019
21.5 19.56074802
21.75 19.6459633276
22.0 19.7316446165
22.25 19.8177851331
22.5 19.9043780837
22.75 19.9914166386
23.0 20.078893937
23.25 20.1668030912
23.5 20.2551371906
23.75 20.3438893062
24.0 20.4330524945
24.25 20.522619801
24.5 20.6125842645
24.75 20.7029389203
25.0 20.7936768039
-25.0 26.2418494655
-24.75 26.151111582
-24.5 26.0607281144
-24.25 25.9707055385
-24.0 25.88105034
-23.75 25.7917690116
-23.5 25.702868051
-23.25 25.6143539579
-23.0 25.5262332317
-22.75 25.438512369
-22.5 25.3511978612
-22.25 25.2642961922
-22.0 25.177813836
-21.75 25.0917572543
-21.5 25.0061328947
-21.25 24.9209471879
-21.0 24.8362065466
-20.75 24.7519173627
-20.5 24.6680860059
-20.25 24.5847188218
-20.0 24.5018221305
-19.75 24.4194022245
-19.5 24.3374653681
-19.25 24.2560177955
-19.0 24.1750657098
-18.75 24.0946152822
-18.5 24.0146726507
-18.25 23.9352439197
-18.0 23.856335159
-17.75 23.7779524035
-17.5 23.7001016523
-17.25 23.6227888689
-17.0 23.54601998
-16.75 23.4698008762
-16.5 23.3941374109
-16.25 23.3190354006
-16.0 23.2445006248
-15.75 23.170538826
-15.5 23.0971557102
-15.25 23.0243569475
-15.0 22.9521481737
-14.75 22.8805349918
-14.5 22.8095229758
-14.25 22.7391176748
-14.0 22.669324619
-13.75 22.6001493283
-13.5 22.5315973223
-13.25 22.4636741332
-13.0 22.3963853212
-12.75 22.3297364912
-12.5 22.2637333119
-12.25 22.1983815349
-12.0 22.133687013
-11.75 22.0696557156
-11.5 22.0062937395
-11.25 21.9436073124
-11.0 21.8816027862
-10.75 21.8202866191
-10.5 21.7596653424
-10.25 21.6997455138
-10.0 21.6405336534
-9.75 21.5820361668
-9.5 21.5242592544
-9.25 21.4672088126
-9.0 21.4108903301
-8.75 21.3553087851
-8.5 21.3004685497
-8.25 21.2463733064
-8.0 21.1930259833
-7.75 21.1404287118
-7.5 21.089485031
-7.25 21.0402008813
-7.0 20.9925810607
-6.75 20.9466293013
-6.5 20.9023483708
-6.25 20.859740191
-6.0 20.8188059661
-5.75 20.7795463151
-5.5 20.7419614005
-5.25 20.7060510477
-5.0 20.6718148516
-4.75 20.6392522668
-4.5 20.6083626807
-4.25 20.5791454689
-4.0 20.5516000351
-3.75 20.5257258355
-3.5 20.5015223932
-3.25 20.4789893018
-3.0 20.4581262238
-2.75 20.4389328837
-2.5 20.4214090599
-2.25 20.4055545752
-2.0 20.3913692884
-1.75 20.378853086
-1.5 20.3680058769
-1.25 20.3588275868
-1.0 20.3513181559
-0.75 20.3454775364
-0.5 20.3413056915
-0.25 20.338802595
0.0 20.3379682313
0.25 20.338802595
0.5 20.3413056915
0.75 20.3454775364
1.0 20.3513181559
1.25 20.3588275868
1.5 20.3680058769
1.75 20.378853086
2.0 20.3913692884
2.25 20.4055545752
2.5 20.4214090599
2.75 20.4389328837
3.0 20.4581262238
3.25 20.4789893018
3.5 20.5015223932
3.75 20.5257258355
4.0 20.5516000351
4.25 20.5791454689
4.5 20.6083626807
4.75 20.6392522668
5.0 20.6718148516
5.25 20.7060510477
5.5 20.7419614005
5.75 20.7795463151
6.0 20.8188059661
6.25 20.859740191
6.5 20.9023483708
6.75 20.9466293013
7.0 20.9925810607
7.25 21.0402008813
7.5 21.089485031
7.75 21.1404287118
8.0 21.1930259833
8.25 21.2463733064
8.5 21.3004685497
8.75 21.3553087851
9.0 21.4108903301
9.25 21.4672088126
9.5 21.5242592544
9.75 21.5820361668
10.0 21.6405336534
10.25 21.6997455138
10.5 21.7596653424
10.75 21.8202866191
11.0 21.8816027862
11.25 21.9436073124
11.5 22.0062937395
11.75 22.0696557156
12.0 22.133687013
12.25 22.1983815349
12.5 22.2637333119
12.75 22.3297364912
13.0 22.3963853212
13.25 22.4636741332
13.5 22.5315973223
13.75 22.6001493283
14.0 22.669324619
14.25 22.7391176748
14.5 22.8095229758
14.75 22.8805349918
15.0 22.9521481737
15.25 23.0243569475
15.5 23.0971557102
15.75 23.170538826
16.0 23.2445006248
16.25 23.3190354006
16.5 23.3941374109
16.75 23.4698008762
17.0 23.54601998
17.25 23.6227888689
17.5 23.7001016523
17.75 23.7779524035
18.0 23.856335159
18.25 23.9352439197
18.5 24.0146726507
18.75 24.0946152822
19.0 24.1750657098
19.25 24.2560177955
19.5 24.3374653681
19.75 24.4194022245
20.0 24.5018221305
20.25 24.5847188218
20.5 24.6680860059
20.75 24.7519173627
21.0 24.8362065466
21.25 24.9209471879
21.5 25.0061328947
21.75 25.0917572543
22.0 25.177813836
22.25 25.2642961922
22.5 25.3511978612
22.75 25.438512369
23.0 25.5262332317
23.25 25.6143539579
23.5 25.702868051
23.75 25.7917690116
24.0 25.88105034
24.25 25.9707055385
24.5 26.0607281144
24.75 26.151111582
25.0 26.2418494655
-25.0 31.6812989501
-24.75 31.5905610666
-24.5 31.5001576427
-24.25 31.4100948354
-24.0 31.320378841
-23.75 31.231015894
-23.5 31.1420122652
-23.25 31.0533742609
-23.0 30.9651082214
-22.75 30.8772205195
-22.5 30.7897175597
-22.25 30.7026057766
-22.0 30.6158916342
-21.75 30.5295816245
-21.5 30.4436822664
-21.25 30.3582001054
-21.0 30.2731417119
-20.75 30.1885136807
-20.5 30.1043226306
-20.25 30.0205752031
-20.0 29.9372780623
-19.75 29.8544378939
-19.5 29.7720614053
-19.25 29.6901553247
-19.0 29.608726401
-18.75 29.5277814037
-18.5 29.4473271224
-18.25 29.3673703673
-18.0 29.2879179684
-17.75 29.2089767764
-17.5 29.1305536623
-17.25 29.0526555183
-17.0 28.9752892574
-16.75 28.8984618148
-16.5 28.8221801481
-16.25 28.7464512383
-16.0 28.6712820909
-15.75 28.5966797373
-15.5 28.5226512363
-15.25 28.4492036759
-15.0 28.3763441756
-14.75 28.3040798891
-14.5 28.2324180069
-14.25 28.1613657594
-14.0 28.0909304207
-13.75 28.0211193121
-13.5 27.9519398058
-13.25 27.8833993289
-13.0 27.8155053667
-12.75 27.7482654657
-12.5 27.6816872363
-12.25 27.6157783538
-12.0 27.550546558
-11.75 27.485999652
-11.5 27.4221454973
-11.25 27.3589920077
-11.0 27.2965471393
-10.75 27.2348188784
-10.5 27.1738152246
-10.25 27.1135441718
-10.0 27.054013685
-9.75 26.9952316738
-9.5 26.9372059632
-9.25 26.8799442618
-9.0 26.8234541279
-8.75 26.7677429349
-8.5 26.7128178358
-8.25 26.6586857294
-8.0 26.6053532271
-7.75 26.5528266232
-7.5 26.5011118689
-7.25 26.4502145504
-7.0 26.4001398733
-6.75 26.3508926517
-6.5 26.3033776597
-6.25 26.2576039008
-6.0 26.2135796281
-5.75 26.1713123637
-5.5 26.1308089256
-5.25 26.09207546
-5.0 26.0551174796
-4.75 26.0199399047
-4.5 25.986547108
-4.25 25.9549429601
-4.0 25.9251308752
-3.75 25.8971138566
-3.5 25.8708945397
-3.25 25.8464752325
-3.0 25.8238579531
-2.75 25.8030444639
-2.5 25.7840363007
-2.25 25.7668347994
-2.0 25.7514411177
-1.75 25.7378562537
-1.5 25.7260810605
-1.25 25.7161162586
-1.0 25.707962445
-0.75 25.7016201
-0.5 25.6970895927
-0.25 25.6943711844
0.0 25.6934650311
0.25 25.6943711844
0.5 25.6970895927
0.75 25.7016201
1.0 25.707962445
1.25 25.7161162586
1.5 25.7260810605
1.75 25.7378562537
2.0 25.7514411177
2.25 25.7668347994
2.5 25.7840363007
2.75 25.8030444639
3.0 25.8238579531
3.25 25.8464752325
3.5 25.8708945397
3.75 25.8971138566
4.0 25.9251308752
4.25 25.9549429601
4.5 25.986547108
4.75 26.0199399047
5.0 26.0551174796
5.25 26.09207546
5.5 26.1308089256
5.75 26.1713123637
6.0 26.2135796281
6.25 26.2576039008
6.5 26.3033776597
6.75 26.3508926517
7.0 26.4001398733
7.25 26.4502145504
7.5 26.5011118689
7.75 26.5528266232
8.0 26.6053532271
8.25 26.6586857294
8.5 26.7128178358
8.75 26.7677429349
9.0 26.8234541279
9.25 26.8799442618
9.5 26.9372059632
9.75 26.9952316738
10.0 27.054013685
10.25 27.1135441718
10.5 27.1738152246
10.75 27.2348188784
11.0 27.2965471393
11.25 27.3589920077
11.5 27.4221454973
11.75 27.485999652
12.0 27.550546558
12.25 27.6157783538
12.5 27.6816872363
12.75 27.7482654657
13.0 27.8155053667
13.25 27.8833993289
13.5 27.9519398058
13.75 28.0211193121
14.0 28.0909304207
14.25 28.1613657594
14.5 28.2324180069
14.75 28.3040798891
15.0 28.3763441756
15.25 28.4492036759
15.5 28.5226512363
15.75 28.5966797373
16.0 28.6712820909
16.25 28.7464512383
16.5 28.8221801481
16.75 28.8984618148
17.0 28.9752892574
17.25 29.0526555183
17.5 29.1305536623
17.75 29.2089767764
18.0 29.2879179684
18.25 29.3673703673
18.5 29.4473271224
18.75 29.5277814037
19.0 29.608726401
19.25 29.6901553247
19.5 29.7720614053
19.75 29.8544378939
20.0 29.9372780623
20.25 30.0205752031
20.5 30.1043226306
20.75 30.1885136807
21.0 30.2731417119
21.25 30.3582001054
21.5 30.4436822664
21.75 30.5295816245
22.0 30.6158916342
22.25 30.7026057766
22.5 30.7897175597
22.75 30.8772205195
23.0 30.9651082214
23.25 31.0533742609
23.5 31.1420122652
23.75 31.231015894
24.0 31.320378841
24.25 31.4100948354
24.5 31.5001576427
24.75 31.5905610666
25.0 31.6812989501
-25.0 37.1155976024
-24.75 37.0248597188
-24.5 36.9344465784
-24.25 36.8443641934
-24.0 36.7546186417
-23.75 36.665216066
-23.5 36.5761626737
-23.25 36.4874647362
-23.0 36.3991285885
-22.75 36.3111606287
-22.5 36.2235673178
-22.25 36.1363551791
-22.0 36.0495307979
-21.75 35.9631008212
-21.5 35.8770719575
-21.25 35.7914509763
-21.0 35.706244708
-20.75 35.6214600436
-20.5 35.5371039346
-20.25 35.4531833927
-20.0 35.3697054898
-19.75 35.286677358
-19.5 35.2041061893
-19.25 35.1219992355
-19.0 35.0403638087
-18.75 34.9592072805
-18.5 34.878537083
-18.25 34.7983607081
-18.0 34.7186857077
-17.75 34.6395196942
-17.5 34.5608703403
-17.25 34.4827453791
-17.0 34.4051526044
-16.75 34.328099871
-16.5 34.2515950945
-16.25 34.1756462522
-16.0 34.1002613827
-15.75 34.0254485871
-15.5 33.9512160288
-15.25 33.8775719344
-15.0 33.8045245945
-14.75 33.7320823645
-14.5 33.6602536659
-14.25 33.5890469872
-14.0 33.5184708858
-13.75 33.4485339896
-13.5 33.3792449988
-13.25 33.3106126883
-13.0 33.2426459097
-12.75 33.1753535938
-12.5 33.1087447523
-12.25 33.0428284804
-12.0 32.9776139579
-11.75 32.91311045
-11.5 32.8493273077
-11.25 32.7862739661
-11.0 32.7239599416
-10.75 32.6623948278
-10.5 32.6015882883
-10.25 32.5415500475
-10.0 32.4822898791
-9.75 32.423817591
-9.5 32.3661430075
-9.25 32.3092759487
-9.0 32.2532262064
-8.75 32.1980035177
-8.5 32.143617536
-8.25 32.0900778001
-8.0 32.0373937015
-7.75 31.9855744518
-7.5 31.9346290489
-7.25 31.8845662452
-7.0 31.8353945171
-6.75 31.7871220365
-6.5 31.7397566465
-6.25 31.6933058406
-6.0 31.6477767466
-5.75 31.6031761161
-5.5 31.5604083304
-5.25 31.5194836269
-5.0 31.4804114775
-4.75 31.4432006026
-4.5 31.4078589919
-4.25 31.3743939308
-4.0 31.3428120311
-3.75 31.3131192651
-3.5 31.2853210023
-3.25 31.2594220481
-3.0 31.2354266822
-2.75 31.2133386979
-2.5 31.1931614391
-2.25 31.1748978359
-2.0 31.1585504385
-1.75 31.1441214469
-1.5 31.1316127389
-1.25 31.1210258943
-1.0 31.1123622151
-0.75 31.1056227435
-0.5 31.1008082757
-0.25 31.0979193727
0.0 31.0969563681
0.25 31.0979193727
0.5 31.1008082757
0.75 31.1056227435
1.0 31.1123622151
1.25 31.1210258943
1.5 31.1316127389
1.75 31.1441214469
2.0 31.1585504385
2.25 31.1748978359
2.5 31.1931614391
2.75 31.2133386979
3.0 31.2354266822
3.25 31.2594220481
3.5 31.2853210023
3.75 31.3131192651
4.0 31.3428120311
4.25 31.3743939308
4.5 31.4078589919
4.75 31.4432006026
5.0 31.4804114775
5.25 31.5194836269
5.5 31.5604083304
5.75 31.6031761161
6.0 31.6477767466
6.25 31.6933058406
6.5 31.7397566465
6.75 31.7871220365
7.0 31.8353945171
7.25 31.8845662452
7.5 31.9346290489
7.75 31.9855744518
8.0 32.0373937015
8.25 32.0900778001
8.5 32.143617536
8.75 32.1980035177
9.0 32.2532262064
9.25 32.3092759487
9.5 32.3661430075
9.75 32.423817591
10.0 32.4822898791
10.25 32.5415500475
10.5 32.6015882883
10.75 32.6623948278
11.0 32.7239599416
11.25 32.7862739661
11.5 32.8493273077
11.75 32.91311045
12.0 32.9776139579
12.25 33.0428284804
12.5 33.1087447523
12.75 33.1753535938
13.0 33.2426459097
13.25 33.3106126883
13.5 33.3792449988
13.75 33.4485339896
14.0 33.5184708858
14.25 33.5890469872
14.5 33.6602536659
14.75 33.7320823645
15.0 33.8045245945
15.25 33.8775719344
15.5 33.9512160288
15.75 34.0254485871
16.0 34.1002613827
16.25 34.1756462522
16.5 34.2515950945
16.75 34.328099871
17.0 34.4051526044
17.25 34.4827453791
17.5 34.5608703403
17.75 34.6395196942
18.0 34.7186857077
18.25 34.7983607081
18.5 34.878537083
18.75 34.9592072805
19.0 35.0403638087
19.25 35.1219992355
19.5 35.2041061893
19.75 35.286677358
20.0 35.3697054898
20.25 35.4531833927
20.5 35.5371039346
20.75 35.6214600436
21.0 35.706244708
21.25 35.7914509763
21.5 35.8770719575
21.75 35.9631008212
22.0 36.0495307979
22.25 36.1363551791
22.5 36.2235673178
22.75 36.3111606287
23.0 36.3991285885
23.25 36.4874647362
23.5 36.5761626737
23.75 36.665216066
24.0 36.7546186417
24.25 36.8443641934
24.5 36.9344465784
24.75 37.0248597188
25.0 37.1155976024
-25.0 42.5479691563
-24.75 42.4572312728
-24.5 42.3668164366
-24.25 42.2767306497
-24.0 42.1869799991
-23.75 42.0975706575
-23.5 42.0085088829
-23.25 41.9198010192
-23.0 41.831453496
-22.75 41.7434728288
-22.5 41.6558656192
-22.25 41.568638555
-22.0 41.48179841
-21.75 41.3953520447
-21.5 41.3093064058
-21.25 41.2236685267
-21.0 41.1384455273
-20.75 41.0536446145
-20.5 40.9692730817
-20.25 40.8853383096
-20.0 40.8018477656
-19.75 40.7188090042
-19.5 40.6362296672
-19.25 40.5541174833
-19.0 40.4724802688
-18.75 40.391325927
-18.5 40.3106624486
-18.25 40.2304979118
-18.0 40.1508404819
-17.75 40.0716984117
-17.5 39.9930800415
-17.25 39.9149937985
-17.0 39.8374481975
-16.75 39.7604518402
-16.5 39.6840134154
-16.25 39.6081416984
-16.0 39.5328455513
-15.75 39.4581339223
-15.5 39.3840158452
-15.25 39.310500439
-15.0 39.2375969074
-14.75 39.1653145376
-14.5 39.0936626996
-14.25 39.0226508447
-14.0 38.9522885045
-13.75 38.8825852889
-13.5 38.8135508843
-13.25 38.7451950514
-13.0 38.6775276229
-12.75 38.6105585008
-12.5 38.5442976539
-12.25 38.4787551147
-12.0 38.4139409775
-11.75 38.349865396
-11.5 38.2865385821
-11.25 38.223970806
-11.0 38.1621723976
-10.75 38.1011537502
-10.5 38.0409253273
-10.25 37.9814976714
-10.0 37.9228814173
-9.75 37.8650873083
-9.5 37.8081262152
-9.25 37.7520091587
-9.0 37.6967473309
-8.75 37.6423521177
-8.5 37.5888351156
-8.25 37.5362081435
-8.0 37.4844832425
-7.75 37.4336726631
-7.5 37.3837888352
-7.25 37.3348443186
-7.0 37.2868517332
-6.75 37.2398236688
-6.5 37.1937725773
-6.25 37.1487106503
-6.0 37.1046496891
-5.75 37.0616009727
-5.5 37.0195751336
-5.25 36.9785820479
-5.0 36.9386307476
-4.75 36.8997293623
-4.5 36.8627812165
-4.25 36.827795911
-4.0 36.7947817053
-3.75 36.7637456068
-3.5 36.7346934873
-3.25 36.7076302173
-3.0 36.6825598108
-2.75 36.6594855679
-2.5 36.6384102092
-2.25 36.6193359951
-2.0 36.6022648248
-1.75 36.5871983131
-1.5 36.5741378454
-1.25 36.5630846131
-1.0 36.5540396315
-0.75 36.5470037445
-0.5 36.5419776216
-0.25 36.53896175
0.0 36.5379564263
0.25 36.53896175
0.5 36.5419776216
0.75 36.5470037445
1.0 36.5540396315
1.25 36.5630846131
1.5 36.5741378454
1.75 36.5871983131
2.0 36.6022648248
2.25 36.6193359951
2.5 36.6384102092
2.75 36.6594855679
3.0 36.6825598108
3.25 36.7076302173
3.5 36.7346934873
3.75 36.7637456068
4.0 36.7947817053
4.25 36.827795911
4.5 36.8627812165
4.75 36.8997293623
5.0 36.9386307476
5.25 36.9785820479
5.5 37.0195751336
5.75 37.0616009727
6.0 37.1046496891
6.25 37.1487106503
6.5 37.1937725773
6.75 37.2398236688
7.0 37.2868517332
7.25 37.3348443186
7.5 37.3837888352
7.75 37.4336726631
8.0 37.4844832425
8.25 37.5362081435
8.5 37.5888351156
8.75 37.6423521177
9.0 37.6967473309
9.25 37.7520091587
9.5 37.8081262152
9.75 37.8650873083
10.0 37.9228814173
10.25 37.9814976714
10.5 38.0409253273
10.75 38.1011537502
11.0 38.1621723976
11.25 38.223970806
11.5 38.2865385821
11.75 38.349865396
12.0 38.4139409775
12.25 38.4787551147
12.5 38.5442976539
12.75 38.6105585008
13.0 38.6775276229
13.25 38.7451950514
13.5 38.8135508843
13.75 38.8825852889
14.0 38.9522885045
14.25 39.0226508447
14.5 39.0936626996
14.75 39.1653145376
15.0 39.2375969074
15.25 39.310500439
15.5 39.3840158452
15.75 39.4581339223
16.0 39.5328455513
16.25 39.6081416984
16.5 39.6840134154
16.75 39.7604518402
17.0 39.8374481975
17.25 39.9149937985
17.5 39.9930800415
17.75 40.0716984117
18.0 40.1508404819
18.25 40.2304979118
18.5 40.3106624486
18.75 40.391325927
19.0 40.4724802688
19.25 40.5541174833
19.5 40.6362296672
19.75 40.7188090042
20.0 40.8018477656
20.25 40.8853383096
20.5 40.9692730817
20.75 41.0536446145
21.0 41.1384455273
21.25 41.2236685267
21.5 41.3093064058
21.75 41.3953520447
22.0 41.48179841
22.25 41.568638555
22.5 41.6558656192
22.75 41.7434728288
23.0 41.831453496
23.25 41.9198010192
23.5 42.0085088829
23.75 42.0975706575
24.0 42.1869799991
24.25 42.2767306497
24.5 42.3668164366
24.75 42.4572312728
25.0 42.5479691563
-25.0 47.9808085549
-24.75 47.8900706713
-24.5 47.7996598545
-24.25 47.7095821904
-24.0 47.6198438649
-23.75 47.530451164
-23.5 47.4414104743
-23.25 47.3527282835
-23.0 47.2644111812
-22.75 47.1764658588
-22.5 47.0888991104
-22.25 47.0017178327
-22.0 46.914929026
-21.75 46.8285397938
-21.5 46.7425573437
-21.25 46.6569889875
-21.0 46.5718421413
-20.75 46.4871243257
-20.5 46.4028431665
-20.25 46.3190063941
-20.0 46.2356218441
-19.75 46.1526974572
-19.5 46.0702412792
-19.25 45.9882614611
-19.0 45.9067662588
-18.75 45.8257640333
-18.5 45.7452632501
-18.25 45.6652724795
-18.0 45.5858003956
-17.75 45.5068557767
-17.5 45.4284475041
-17.25 45.3505845623
-17.0 45.2732760377
-16.75 45.1965311184
-16.5 45.1203590934
-16.25 45.044769351
-16.0 44.9697713789
-15.75 44.8953747621
-15.5 44.8215891821
-15.25 44.7484244154
-15.0 44.6758903318
-14.75 44.6039968932
-14.5 44.5327541514
-14.25 44.4621722461
-14.0 44.3922614035
-13.75 44.3230319335
-13.5 44.2544942281
-13.25 44.1866587589
-13.0 44.1195360753
-12.75 44.0531368023
-12.5 43.987471639
-12.25 43.9225513568
-12.0 43.8583867983
-11.75 43.7949888763
-11.5 43.7323685739
-11.25 43.6705369442
-11.0 43.6095051113
-10.75 43.5492842713
-10.5 43.4898856942
-10.25 43.4313207252
-10.0 43.3736007874
-9.75 43.316737383
-9.5 43.2607420947
-9.25 43.2056265859
-9.0 43.1514025992
-8.75 43.0980819532
-8.5 43.0456765358
-8.25 42.9941982955
-8.0 42.9436592277
-7.75 42.8940713574
-7.5 42.8454467173
-7.25 42.7977973202
-7.0 42.7511351279
-6.75 42.7054720146
-6.5 42.6608197267
-6.25 42.6171898385
-6.0 42.5745937067
-5.75 42.5330424226
-5.5 42.4925467647
-5.25 42.4531171531
-5.0 42.4147636071
-4.75 42.3774957063
-4.5 42.3413225588
-4.25 42.3062527758
-4.0 42.2722944535
-3.75 42.240347972
-3.5 42.2104231787
-3.25 42.1825289886
-3.0 42.1566734082
-2.75 42.1328635672
-2.5 42.1111057591
-2.25 42.0914054874
-2.0 42.0737675157
-1.75 42.0581959211
-1.5 42.0446941469
-1.25 42.0332650553
-1.0 42.0239109754
-0.75 42.0166337478
-0.5 42.0114347627
-0.25 42.0083149901
0.0 42.0072750027
0.25 42.0083149901
0.5 42.0114347627
0.75 42.0166337478
1.0 42.0239109754
1.25 42.0332650553
1.5 42.0446941469
1.75 42.0581959211
2.0 42.0737675157
2.25 42.0914054874
2.5 42.1111057591
2.75 42.1328635672
3.0 42.1566734082
3.25 42.1825289886
3.5 42.2104231787
3.75 42.240347972
4.0 42.2722944535
4.25 42.3062527758
4.5 42.3413225588
4.75 42.3774957063
5.0 42.4147636071
5.25 42.4531171531
5.5 42.4925467647
5.75 42.5330424226
6.0 42.5745937067
6.25 42.6171898385
6.5 42.6608197267
6.75 42.7054720146
7.0 42.7511351279
7.25 42.7977973202
7.5 42.8454467173
7.75 42.8940713574
8.0 42.9436592277
8.25 42.9941982955
8.5 43.0456765358
8.75 43.0980819532
9.0 43.1514025992
9.25 43.2056265859
9.5 43.2607420947
9.75 43.316737383
10.0 43.3736007874
10.25 43.4313207252
10.5 43.4898856942
10.75 43.5492842713
11.0 43.6095051113
11.25 43.6705369442
11.5 43.7323685739
11.75 43.7949888763
12.0 43.8583867983
12.25 43.9225513568
12.5 43.987471639
12.75 44.0531368023
13.0 44.1195360753
13.25 44.1866587589
13.5 44.2544942281
13.75 44.3230319335
14.0 44.3922614035
14.25 44.4621722461
14.5 44.5327541514
14.75 44.6039968932
15.0 44.6758903318
15.25 44.7484244154
15.5 44.8215891821
15.75 44.8953747621
16.0 44.9697713789
16.25 45.044769351
16.5 45.1203590934
16.75 45.1965311184
17.0 45.2732760377
17.25 45.3505845623
17.5 45.4284475041
17.75 45.5068557767
18.0 45.5858003956
18.25 45.6652724795
18.5 45.7452632501
18.75 45.8257640333
19.0 45.9067662588
19.25 45.9882614611
19.5 46.0702412792
19.75 46.1526974572
20.0 46.2356218441
20.25 46.3190063941
20.5 46.4028431665
20.75 46.4871243257
21.0 46.5718421413
21.25 46.6569889875
21.5 46.7425573437
21.75 46.8285397938
22.0 46.914929026
22.25 47.0017178327
22.5 47.0888991104
22.75 47.1764658588
23.0 47.2644111812
23.25 47.3527282835
23.5 47.4414104743
23.75 47.530451164
24.0 47.6198438649
24.25 47.7095821904
24.5 47.7996598545
24.75 47.8900706713
25.0 47.9808085549
-25.0 53.4157799623
-24.75 53.3250420788
-24.5 53.2346391442
-24.25 53.1445773922
-24.0 53.054863166
-23.75 52.9655029193
-23.5 52.876503217
-23.25 52.7878707355
-23.0 52.6996122639
-22.75 52.6117347039
-22.5 52.5242450711
-22.25 52.4371504947
-22.0 52.3504582188
-21.75 52.2641756019
-21.5 52.1783101179
-21.25 52.0928693563
-21.0 52.0078610222
-20.75 51.9232929365
-20.5 51.8391730362
-20.25 51.7555093746
-20.0 51.6723101208
-19.75 51.58958356
-19.5 51.5073380931
-19.25 51.4255822369
-19.0 51.3443246232
-18.75 51.2635739989
-18.5 51.1833392254
-18.25 51.1036292781
-18.0 51.0244532454
-17.75 50.9458203285
-17.5 50.8677398404
-17.25 50.7902212049
-17.0 50.7132739555
-16.75 50.6369077348
-16.5 50.5611322925
-16.25 50.4859574846
-16.0 50.411393272
-15.75 50.3374497185
-15.5 50.2641369893
-15.25 50.1914653493
-15.0 50.1194451607
-14.75 50.048086881
-14.5 49.977401061
-14.25 49.9073983414
-14.0 49.8380894509
-13.75 49.7694852027
-13.5 49.7015964915
-13.25 49.6344342899
-13.0 49.5680096447
-12.75 49.5023336729
-12.5 49.4374175574
-12.25 49.3732725421
-12.0 49.3099099271
-11.75 49.2473410634
-11.5 49.185577347
-11.25 49.1246302131
-11.0 49.0645111295
-10.75 49.0052315908
-10.5 48.9468031111
-10.25 48.8892372182
-10.0 48.8325454477
-9.75 48.7767393375
-9.5 48.7218304246
-9.25 48.6678302436
-9.0 48.6147503274
-8.75 48.5626022132
-8.5 48.5113974515
-8.25 48.461147622
-8.0 48.4118643549
-7.75 48.3635593583
-7.5 48.3162444513
-7.25 48.2699316008
-7.0 48.2246329589
-6.75 48.1803608979
-6.5 48.1371280361
-6.25 48.0949472503
-6.0 48.0538316665
-5.75 48.0137946254
-5.5 47.9748496152
-5.25 47.9370101725
-5.0 47.9002897499
-4.75 47.8647015547
-4.5 47.8302583684
-4.25 47.7969723562
-4.0 47.7648548807
-3.75 47.7339163357
-3.5 47.7041660109
-3.25 47.6756120024
-3.0 47.6491525227
-2.75 47.6247952705
-2.5 47.602546313
-2.25 47.5824102306
-2.0 47.5643903029
-1.75 47.5484887218
-1.5 47.5347068132
-1.25 47.5230452544
-1.0 47.5135042735
-0.75 47.5060838228
-0.5 47.5007837212
-0.25 47.4976037634
0.0 47.4965437961
0.25 47.4976037634
0.5 47.5007837212
0.75 47.5060838228
1.0 47.5135042735
1.25 47.5230452544
1.5 47.5347068132
1.75 47.5484887218
2.0 47.5643903029
2.25 47.5824102306
2.5 47.602546313
2.75 47.6247952705
3.0 47.6491525227
3.25 47.6756120024
3.5 47.7041660109
3.75 47.7339163357
4.0 47.7648548807
4.25 47.7969723562
4.5 47.8302583684
4.75 47.8647015547
5.0 47.9002897499
5.25 47.9370101725
5.5 47.9748496152
5.75 48.0137946254
6.0 48.0538316665
6.25 48.0949472503
6.5 48.1371280361
6.75 48.1803608979
7.0 48.2246329589
7.25 48.2699316008
7.5 48.3162444513
7.75 48.3635593583
8.0 48.4118643549
8.25 48.461147622
8.5 48.5113974515
8.75 48.5626022132
9.0 48.6147503274
9.25 48.6678302436
9.5 48.7218304246
9.75 48.7767393375
10.0 48.8325454477
10.25 48.8892372182
10.5 48.9468031111
10.75 49.0052315908
11.0 49.0645111295
11.25 49.1246302131
11.5 49.185577347
11.75 49.2473410634
12.0 49.3099099271
12.25 49.3732725421
12.5 49.4374175574
12.75 49.5023336729
13.0 49.5680096447
13.25 49.6344342899
13.5 49.7015964915
13.75 49.7694852027
14.0 49.8380894509
14.25 49.9073983414
14.5 49.977401061
14.75 50.048086881
15.0 50.1194451607
15.25 50.1914653493
15.5 50.2641369893
15.75 50.3374497185
16.0 50.411393272
16.25 50.4859574846
16.5 50.5611322925
16.75 50.6369077348
17.0 50.7132739555
17.25 50.7902212049
17.5 50.8677398404
17.75 50.9458203285
18.0 51.0244532454
18.25 51.1036292781
18.5 51.1833392254
18.75 51.2635739989
19.0 51.3443246232
19.25 51.4255822369
19.5 51.5073380931
19.75 51.58958356
20.0 51.6723101208
20.25 51.7555093746
20.5 51.8391730362
20.75 51.9232929365
21.0 52.0078610222
21.25 52.0928693563
21.5 52.1783101179
21.75 52.2641756019
22.0 52.3504582188
22.25 52.4371504947
22.5 52.5242450711
22.75 52.6117347039
23.0 52.6996122639
23.25 52.7878707355
23.5 52.876503217
23.75 52.9655029193
24.0 53.054863166
24.25 53.1445773922
24.5 53.2346391442
24.75 53.3250420788
25.0 53.4157799623
-25.0 58.8539751733
-24.75 58.7632372897
-24.5 58.6728446683
-24.25 58.5828037288
-24.0 58.4931210072
-23.75 58.4038031563
-23.5 58.3148569471
-23.25 58.2262892686
-23.0 58.1381071293
-22.75 58.0503176572
-22.5 57.9629281006
-22.25 57.8759458286
-22.0 57.7893783315
-21.75 57.7032332209
-21.5 57.6175182303
-21.25 57.5322412151
-21.0 57.447410153
-20.75 57.3630331436
-20.5 57.2791184088
-20.25 57.1956742923
-20.0 57.1127092597
-19.75 57.0302318981
-19.5 56.9482509154
-19.25 56.8667751404
-19.0 56.7858135215
-18.75 56.7053751264
-18.5 56.6254691413
-18.25 56.5461048694
-18.0 56.4672917305
-17.75 56.3890392593
-17.5 56.3113571045
-17.25 56.2342550266
-17.0 56.1577428971
-16.75 56.0818306961
-16.5 56.0065285108
-16.25 55.9318465333
-16.0 55.8577950583
-15.75 55.7843844808
-15.5 55.7116252938
-15.25 55.6395280853
-15.0 55.5681035359
-14.75 55.4973624157
-14.5 55.4273155813
-14.25 55.3579739726
-14.0 55.2893486097
-13.75 55.2214505894
-13.5 55.154291082
-13.25 55.0878813277
-13.0 55.0222326334
-12.75 54.9573563688
-12.5 54.8932639633
-12.25 54.8299669023
-12.0 54.767476724
-11.75 54.705805016
-11.5 54.6449634118
-11.25 54.5849635874
-11.0 54.5258172585
-10.75 54.4675361768
-10.5 54.4101321265
-10.25 54.3536169212
-10.0 54.2980023998
-9.75 54.2433004227
-9.5 54.1895228674
-9.25 54.1366816231
-9.0 54.0847885859
-8.75 54.0338556516
-8.5 53.983894709
-8.25 53.934917631
-8.0 53.8869362654
-7.75 53.839962424
-7.5 53.79400787
-7.25 53.7490843049
-7.0 53.7052033526
-6.75 53.6623765437
-6.5 53.6206152966
-6.25 53.5799308988
-6.0 53.5403344867
-5.75 53.5018370237
-5.5 53.4644492787
-5.25 53.428181804
-5.0 53.3930449124
-4.75 53.3590486556
-4.5 53.3262028025
-4.25 53.2945168185
-4.0 53.2639998468
-3.75 53.23466069
-3.5 53.2065077946
-3.25 53.1795492366
-3.0 53.15379271
-2.75 53.1292455166
-2.5 53.1068024746
-2.25 53.0864719054
-2.0 53.0682613268
-1.75 53.0521774529
-1.5 53.0382261956
-1.25 53.0264126677
-1.0 53.0167411862
-0.75 53.009215276
-0.5 53.0038376741
-0.25 53.0006103329
0.0 52.9995344225
0.25 53.0006103329
0.5 53.0038376741
0.75 53.009215276
1.0 53.0167411862
1.25 53.0264126677
1.5 53.0382261956
1.75 53.0521774529
2.0 53.0682613268
2.25 53.0864719054
2.5 53.1068024746
2.75 53.1292455166
3.0 53.15379271
3.25 53.1795492366
3.5 53.2065077946
3.75 53.23466069
4.0 53.2639998468
4.25 53.2945168185
4.5 53.3262028025
4.75 53.3590486556
5.0 53.3930449124
5.25 53.428181804
5.5 53.4644492787
5.75 53.5018370237
6.0 53.5403344867
6.25 53.5799308988
6.5 53.6206152966
6.75 53.6623765437
7.0 53.7052033526
7.25 53.7490843049
7.5 53.79400787
7.75 53.839962424
8.0 53.8869362654
8.25 53.934917631
8.5 53.983894709
8.75 54.0338556516
9.0 54.0847885859
9.25 54.1366816231
9.5 54.1895228674
9.75 54.2433004227
10.0 54.2980023998
10.25 54.3536169212
10.5 54.4101321265
10.75 54.4675361768
11.0 54.5258172585
11.25 54.5849635874
11.5 54.6449634118
11.75 54.705805016
12.0 54.767476724
12.25 54.8299669023
12.5 54.8932639633
12.75 54.9573563688
13.0 55.0222326334
13.25 55.0878813277
13.5 55.154291082
13.75 55.2214505894
14.0 55.2893486097
14.25 55.3579739726
14.5 55.4273155813
14.75 55.4973624157
15.0 55.5681035359
15.25 55.6395280853
15.5 55.7116252938
15.75 55.7843844808
16.0 55.8577950583
16.25 55.9318465333
16.5 56.0065285108
16.75 56.0818306961
17.0 56.1577428971
17.25 56.2342550266
17.5 56.3113571045
17.75 56.3890392593
18.0 56.4672917305
18.25 56.5461048694
18.5 56.6254691413
18.75 56.7053751264
19.0 56.7858135215
19.25 56.8667751404
19.5 56.9482509154
19.75 57.0302318981
20.0 57.1127092597
20.25 57.1956742923
20.5 57.2791184088
20.75 57.3630331436
21.0 57.447410153
21.25 57.5322412151
21.5 57.6175182303
21.75 57.7032332209
22.0 57.7893783315
22.25 57.8759458286
22.5 57.9629281006
22.75 58.0503176572
23.0 58.1381071293
23.25 58.2262892686
23.5 58.3148569471
23.75 58.4038031563
24.0 58.4931210072
24.25 58.5828037288
24.5 58.6728446683
24.75 58.7632372897
25.0 58.8539751733
-25.0 64.2960443046
-24.75 64.2053064211
-24.5 64.1149254405
-24.25 64.0249079885
-24.0 63.9352608109
-23.75 63.845990774
-23.5 63.7571048657
-23.25 63.668610196
-23.0 63.5805139973
-22.75 63.4928236257
-22.5 63.4055465604
-22.25 63.3186904048
-22.0 63.2322628867
-21.75 63.1462718581
-21.5 63.0607252957
-21.25 62.9756313008
-21.0 62.8909980991
-20.75 62.8068340409
-20.5 62.7231476003
-20.25 62.6399473754
-20.0 62.5572420873
-19.75 62.4750405797
-19.5 62.3933518185
-19.25 62.3121848904
-19.0 62.2315490024
-18.75 62.1514534803
-18.5 62.0719077678
-18.25 61.9929214253
-18.0 61.9145041278
-17.75 61.8366656636
-17.5 61.7594159328
-17.25 61.6827649446
-17.0 61.6067228161
-16.75 61.5312997694
-16.5 61.4565061292
-16.25 61.3823523207
-16.0 61.3088488663
-15.75 61.2360063832
-15.5 61.1638355801
-15.25 61.0923472539
-15.0 61.0215522865
-14.75 60.9514616414
-14.5 60.8820863599
-14.25 60.8134375574
-14.0 60.7455264197
-13.75 60.6783641987
-13.5 60.6119622088
-13.25 60.5463318223
-13.0 60.4814844658
-12.75 60.4174316153
-12.5 60.3541847929
-12.25 60.2917555616
-12.0 60.2301555219
-11.75 60.1693963072
-11.5 60.1094895796
-11.25 60.0504470262
-11.0 59.9922803544
-10.75 59.9350012883
-10.5 59.8786215643
-10.25 59.8231529269
-10.0 59.7686071245
-9.75 59.714995905
-9.5 59.662331011
-9.25 59.6106241751
-9.0 59.559887114
-8.75 59.5101315234
-8.5 59.4613690708
-8.25 59.4136113892
-8.0 59.3668700685
-7.75 59.3211566473
-7.5 59.2764826032
-7.25 59.2328593418
-7.0 59.1902981853
-6.75 59.1488103594
-6.5 59.1084069796
-6.25 59.0690990364
-6.0 59.0308973786
-5.75 58.9938126973
-5.5 58.9578555074
-5.25 58.9230361296
-5.0 58.8893646714
-4.75 58.8568510076
-4.5 58.825504761
-4.25 58.7953352832
-4.0 58.7663516351
-3.75 58.7385625685
-3.5 58.711976508
-3.25 58.6866015339
-3.0 58.6624453659
-2.75 58.6395153476
-2.5 58.617818433
-2.25 58.5973611736
-2.0 58.579035797
-1.75 58.5628494477
-1.5 58.5488084462
-1.25 58.5369182817
-1.0 58.5271836071
-0.75 58.5196082345
-0.5 58.514195132
-0.25 58.5109464214
0.0 58.5098633764
0.25 58.5109464214
0.5 58.514195132
0.75 58.5196082345
1.0 58.5271836071
1.25 58.5369182817
1.5 58.5488084462
1.75 58.5628494477
2.0 58.579035797
2.25 58.5973611736
2.5 58.617818433
2.75 58.6395153476
3.0 58.6624453659
3.25 58.6866015339
3.5 58.711976508
3.75 58.7385625685
4.0 58.7663516351
4.25 58.7953352832
4.5 58.825504761
4.75 58.8568510076
5.0 58.8893646714
5.25 58.9230361296
5.5 58.9578555074
5.75 58.9938126973
6.0 59.0308973786
6.25 59.0690990364
6.5 59.1084069796
6.75 59.1488103594
7.0 59.1902981853
7.25 59.2328593418
7.5 59.2764826032
7.75 59.3211566473
8.0 59.3668700685
8.25 59.4136113892
8.5 59.4613690708
8.75 59.5101315234
9.0 59.559887114
9.25 59.6106241751
9.5 59.662331011
9.75 59.714995905
10.0 59.7686071245
10.25 59.8231529269
10.5 59.8786215643
10.75 59.9350012883
11.0 59.9922803544
11.25 60.0504470262
11.5 60.1094895796
11.75 60.1693963072
12.0 60.2301555219
12.25 60.2917555616
12.5 60.3541847929
12.75 60.4174316153
13.0 60.4814844658
13.25 60.5463318223
13.5 60.6119622088
13.75 60.6783641987
14.0 60.7455264197
14.25 60.8134375574
14.5 60.8820863599
14.75 60.9514616414
15.0 61.0215522865
15.25 61.0923472539
15.5 61.1638355801
15.75 61.2360063832
16.0 61.3088488663
16.25 61.3823523207
16.5 61.4565061292
16.75 61.5312997694
17.0 61.6067228161
17.25 61.6827649446
17.5 61.7594159328
17.75 61.8366656636
18.0 61.9145041278
18.25 61.9929214253
18.5 62.0719077678
18.75 62.1514534803
19.0 62.2315490024
19.25 62.3121848904
19.5 62.3933518185
19.75 62.4750405797
20.0 62.5572420873
20.25 62.6399473754
20.5 62.7231476003
20.75 62.8068340409
21.0 62.8909980991
21.25 62.9756313008
21.5 63.0607252957
21.75 63.1462718581
22.0 63.2322628867
22.25 63.3186904048
22.5 63.4055465604
22.75 63.4928236257
23.0 63.5805139973
23.25 63.668610196
23.5 63.7571048657
23.75 63.845990774
24.0 63.9352608109
24.25 64.0249079885
24.5 64.1149254405
24.75 64.2053064211
25.0 64.2960443046
-25.0 69.7422982094
-24.75 69.6515603258
-24.5 69.5611914721
-24.25 69.4711984852
-24.0 69.3815883241
-23.75 69.2923680697
-23.5 69.2035449254
-23.25 69.1151262184
-23.0 69.0271193991
-22.75 68.9395320423
-22.5 68.8523718469
-22.25 68.7656466364
-22.0 68.6793643589
-21.75 68.593533087
-21.5 68.5081610179
-21.25 68.423256473
-21.0 68.3388278975
-20.75 68.2548838606
-20.5 68.171433054
-20.25 68.0884842921
-20.0 68.0060465109
-19.75 67.9241287669
-19.5 67.8427402365
-19.25 67.7618902145
-19.0 67.6815881133
-18.75 67.6018434608
-18.5 67.5226658996
-18.25 67.4440651847
-18.0 67.3660511821
-17.75 67.2886338667
-17.5 67.2118233199
-17.25 67.1356297278
-17.0 67.0600633786
-16.75 66.9851346596
-16.5 66.9108540552
-16.25 66.8372321433
-16.0 66.7642795926
-15.75 66.6920071594
-15.5 66.6204256838
-15.25 66.5495460863
-15.0 66.4793793642
-14.75 66.4099365874
-14.5 66.3412288941
-14.25 66.273267487
-14.0 66.2060636281
-13.75 66.1396286343
-13.5 66.0739738723
-13.25 66.0091107538
-13.0 65.9450507295
-12.75 65.8818052842
-12.5 65.8193859302
-12.25 65.7578042023
-12.0 65.6970716504
-11.75 65.6371998339
-11.5 65.5782003147
-11.25 65.5200846501
-11.0 65.4628643858
-10.75 65.4065510486
-10.5 65.3511561384
-10.25 65.2966911208
-10.0 65.2431674189
-9.75 65.1905964047
-9.5 65.1389893912
-9.25 65.0883576238
-9.0 65.0387122714
-8.75 64.9900644184
-8.5 64.9424250565
-8.25 64.8958050772
-8.0 64.8502152657
-7.75 64.8056662961
-7.5 64.7621687295
-7.25 64.719733016
-7.0 64.6783695008
-6.75 64.6380884378
-6.5 64.5989000098
-6.25 64.560814358
-6.0 64.5238416207
-5.75 64.4879919803
-5.5 64.4532757168
-5.25 64.4197032641
-5.0 64.3872852629
-4.75 64.3560326018
-4.5 64.3259564389
-4.25 64.2970681932
-4.0 64.2693794968
-3.75 64.2429021037
-3.5 64.217647752
-3.25 64.1936279841
-3.0 64.1708539352
-2.75 64.1493361077
-2.5 64.1290841499
-2.25 64.1101066656
-2.0 64.0924110752
-1.75 64.0760035465
-1.5 64.0617750743
-1.25 64.0497303676
-1.0 64.0398727087
-0.75 64.0322042138
-0.5 64.0267261237
-0.25 64.0234390838
0.0 64.0223433783
0.25 64.0234390838
0.5 64.0267261237
0.75 64.0322042138
1.0 64.0398727087
1.25 64.0497303676
1.5 64.0617750743
1.75 64.0760035465
2.0 64.0924110752
2.25 64.1101066656
2.5 64.1290841499
2.75 64.1493361077
3.0 64.1708539352
3.25 64.1936279841
3.5 64.217647752
3.75 64.2429021037
4.0 64.2693794968
4.25 64.2970681932
4.5 64.3259564389
4.75 64.3560326018
5.0 64.3872852629
5.25 64.4197032641
5.5 64.4532757168
5.75 64.4879919803
6.0 64.5238416207
6.25 64.560814358
6.5 64.5989000098
6.75 64.6380884378
7.0 64.6783695008
7.25 64.719733016
7.5 64.7621687295
7.75 64.8056662961
8.0 64.8502152657
8.25 64.8958050772
8.5 64.9424250565
8.75 64.9900644184
9.0 65.0387122714
9.25 65.0883576238
9.5 65.1389893912
9.75 65.1905964047
10.0 65.2431674189
10.25 65.2966911208
10.5 65.3511561384
10.75 65.4065510486
11.0 65.4628643858
11.25 65.5200846501
11.5 65.5782003147
11.75 65.6371998339
12.0 65.6970716504
12.25 65.7578042023
12.5 65.8193859302
12.75 65.8818052842
13.0 65.9450507295
13.25 66.0091107538
13.5 66.0739738723
13.75 66.1396286343
14.0 66.2060636281
14.25 66.273267487
14.5 66.3412288941
14.75 66.4099365874
15.0 66.4793793642
15.25 66.5495460863
15.5 66.6204256838
15.75 66.6920071594
16.0 66.7642795926
16.25 66.8372321433
16.5 66.9108540552
16.75 66.9851346596
17.0 67.0600633786
17.25 67.1356297278
17.5 67.2118233199
17.75 67.2886338667
18.0 67.3660511821
18.25 67.4440651847
18.5 67.5226658996
18.75 67.6018434608
19.0 67.6815881133
19.25 67.7618902145
19.5 67.8427402365
19.75 67.9241287669
20.0 68.0060465109
20.25 68.0884842921
20.5 68.171433054
20.75 68.2548838606
21.0 68.3388278975
21.25 68.423256473
21.5 68.5081610179
21.75 68.593533087
22.0 68.6793643589
22.25 68.7656466364
22.5 68.8523718469
22.75 68.9395320423
23.0 69.0271193991
23.25 69.1151262184
23.5 69.2035449254
23.75 69.2923680697
24.0 69.3815883241
24.25 69.4711984852
24.5 69.5611914721
24.75 69.6515603258
25.0 69.7422982094
-25.0 75.1927923676
-24.75 75.1020544841
-24.5 75.0116976224
-24.25 74.9217288267
-24.0 74.8321552626
-23.75 74.7429842179
-23.5 74.6542231025
-23.25 74.5658794491
-23.0 74.4779609136
-22.75 74.3904752747
-22.5 74.3034304347
-22.25 74.2168344185
-22.0 74.1306953747
-21.75 74.0450215741
-21.5 73.9598214102
-21.25 73.8751033984
-21.0 73.7908761754
-20.75 73.7071484986
-20.5 73.6239292452
-20.25 73.5412274111
-20.0 73.4590521101
-19.75 73.3774125724
-19.5 73.2963181432
-19.25 73.2157782814
-19.0 73.1358025579
-18.75 73.0564006535
-18.5 72.9775823571
-18.25 72.8993575638
-18.0 72.8217362721
-17.75 72.7447285819
-17.5 72.6683446919
-17.25 72.5925948964
-17.0 72.517489583
-16.75 72.4430392289
-16.5 72.3692543982
-16.25 72.2961457382
-16.0 72.223723976
-15.75 72.1519999148
-15.5 72.08098443
-15.25 72.0106884654
-15.0 71.9411230288
-14.75 71.8722991884
-14.5 71.8042280679
-14.25 71.7369208422
-14.0 71.6703887332
-13.75 71.6046430049
-13.5 71.5396949586
-13.25 71.4755559288
-13.0 71.4122372778
-12.75 71.3497503909
-12.5 71.288106672
-12.25 71.2273175382
-12.0 71.1673944153
-11.75 71.1083487324
-11.5 71.0501919174
-11.25 70.9929353916
-11.0 70.9365905651
-10.75 70.8811688314
-10.5 70.8266815623
-10.25 70.7731401031
-10.0 70.7205557668
-9.75 70.6689398291
-9.5 70.6183035226
-9.25 70.5686580313
-9.0 70.5200144845
-8.75 70.4723839507
-8.5 70.4257774309
-8.25 70.3802058521
-8.0 70.3356800598
-7.75 70.2922108102
-7.5 70.2498087628
-7.25 70.2084844707
-7.0 70.1682483725
-6.75 70.1291107817
-6.5 70.091081877
-6.25 70.0541716909
-6.0 70.0183900985
-5.75 69.9837468053
-5.5 69.9502513341
-5.25 69.9179130125
-5.0 69.8867409581
-4.75 69.8567440651
-4.5 69.827930989
-4.25 69.800310132
-4.0 69.7738896271
-3.75 69.7486773232
-3.5 69.7246807693
-3.25 69.7019071991
-3.0 69.6803635154
-2.75 69.6600562752
-2.5 69.6409916748
-2.25 69.6231755361
-2.0 69.6066132923
-1.75 69.5913099758
-1.5 69.5772702057
-1.25 69.5653811793
-1.0 69.5556474945
-0.75 69.5480729245
-0.5 69.5426604113
-0.25 69.5394120602
0.0 69.5383291359
0.25 69.5394120602
0.5 69.5426604113
0.75 69.5480729245
1.0 69.5556474945
1.25 69.5653811793
1.5 69.5772702057
1.75 69.5913099758
2.0 69.6066132923
2.25 69.6231755361
2.5 69.6409916748
2.75 69.6600562752
3.0 69.6803635154
3.25 69.7019071991
3.5 69.7246807693
3.75 69.7486773232
4.0 69.7738896271
4.25 69.800310132
4.5 69.827930989
4.75 69.8567440651
5.0 69.8867409581
5.25 69.9179130125
5.5 69.9502513341
5.75 69.9837468053
6.0 70.0183900985
6.25 70.0541716909
6.5 70.091081877
6.75 70.1291107817
7.0 70.1682483725
7.25 70.2084844707
7.5 70.2498087628
7.75 70.2922108102
8.0 70.3356800598
8.25 70.3802058521
8.5 70.4257774309
8.75 70.4723839507
9.0 70.5200144845
9.25 70.5686580313
9.5 70.6183035226
9.75 70.6689398291
10.0 70.7205557668
10.25 70.7731401031
10.5 70.8266815623
10.75 70.8811688314
11.0 70.9365905651
11.25 70.9929353916
11.5 71.0501919174
11.75 71.1083487324
12.0 71.1673944153
12.25 71.2273175382
12.5 71.288106672
12.75 71.3497503909
13.0 71.4122372778
13.25 71.4755559288
13.5 71.5396949586
13.75 71.6046430049
14.0 71.6703887332
14.25 71.7369208422
14.5 71.8042280679
14.75 71.8722991884
15.0 71.9411230288
15.25 72.0106884654
15.5 72.08098443
15.75 72.1519999148
16.0 72.223723976
16.25 72.2961457382
16.5 72.3692543982
16.75 72.4430392289
17.0 72.517489583
17.25 72.5925948964
17.5 72.6683446919
17.75 72.7447285819
18.0 72.8217362721
18.25 72.8993575638
18.5 72.9775823571
18.75 73.0564006535
19.0 73.1358025579
19.25 73.2157782814
19.5 73.2963181432
19.75 73.3774125724
20.0 73.4590521101
20.25 73.5412274111
20.5 73.6239292452
20.75 73.7071484986
21.0 73.7908761754
21.25 73.8751033984
21.5 73.9598214102
21.75 74.0450215741
22.0 74.1306953747
22.25 74.2168344185
22.5 74.3034304347
22.75 74.3904752747
23.0 74.4779609136
23.25 74.5658794491
23.5 74.6542231025
23.75 74.7429842179
24.0 74.8321552626
24.25 74.9217288267
24.5 75.0116976224
24.75 75.1020544841
25.0 75.1927923676
-25.0 80.6473990054
-24.75 80.5566611218
-24.5 80.4663156868
-24.25 80.3763699398
-24.0 80.2868312404
-23.75 80.1977070688
-23.5 80.1090050258
-23.25 80.020732833
-23.0 79.9328983331
-22.75 79.8455094894
-22.5 79.7585743857
-22.25 79.6721012264
-22.0 79.5860983358
-21.75 79.5005741575
-21.5 79.415537254
-21.25 79.3309963061
-21.0 79.2469601113
-20.75 79.1634375838
-20.5 79.0804377526
-20.25 78.9979697605
-20.0 78.916042863
-19.75 78.8346664261
-19.5 78.7538499253
-19.25 78.6736029432
-19.0 78.5939351682
-18.75 78.5148563915
-18.5 78.4363765059
-18.25 78.3585055026
-18.0 78.2812534688
-17.75 78.2046305854
-17.5 78.1286471239
-17.25 78.0533134431
-17.0 77.9786399869
-16.75 77.9046372799
-16.5 77.831315925
-16.25 77.7586865993
-16.0 77.6867600506
-15.75 77.6155470938
-15.5 77.5450586065
-15.25 77.4753055258
-15.0 77.4062988431
-14.75 77.3380496007
-14.5 77.2705688872
-14.25 77.2038678326
-14.0 77.1379576044
-13.75 77.0728494024
-13.5 77.0085544539
-13.25 76.9450840091
-13.0 76.882449336
-12.75 76.8206617151
-12.5 76.7597324344
-12.25 76.699672784
-12.0 76.6404940506
-11.75 76.5822075121
-11.5 76.5248244319
-11.25 76.4683560528
-11.0 76.4128135918
-10.75 76.358208233
-10.5 76.3045511222
-10.25 76.2518533603
-10.0 76.2001259963
-9.75 76.1493800211
-9.5 76.0996263603
-9.25 76.0508758667
-9.0 76.0031393136
-8.75 75.9564273864
-8.5 75.9107506755
-8.25 75.8661196673
-8.0 75.8225447366
-7.75 75.7800361377
-7.5 75.738603995
-7.25 75.6982582948
-7.0 75.6590088749
-6.75 75.6208654158
-6.5 75.5838374299
-6.25 75.5479342522
-6.0 75.5131650294
-5.75 75.4795387094
-5.5 75.4470640311
-5.25 75.4157495128
-5.0 75.3856034421
-4.75 75.3566338641
-4.5 75.3288485711
-4.25 75.3022550912
-4.0 75.2768606777
-3.75 75.2526722978
-3.5 75.2296966226
-3.25 75.2079400166
-3.0 75.187408527
-2.75 75.1681078749
-2.5 75.1500434451
-2.25 75.1332202776
-2.0 75.117643059
-1.75 75.1033161149
-1.5 75.0902434022
-1.25 75.0784285027
-1.0 75.068756013
-0.75 75.0612293818
-0.5 75.0558512952
-0.25 75.0526236743
0.0 75.0515476725
0.25 75.0526236743
0.5 75.0558512952
0.75 75.0612293818
1.0 75.068756013
1.25 75.0784285027
1.5 75.0902434022
1.75 75.1033161149
2.0 75.117643059
2.25 75.1332202776
2.5 75.1500434451
2.75 75.1681078749
3.0 75.187408527
3.25 75.2079400166
3.5 75.2296966226
3.75 75.2526722978
4.0 75.2768606777
4.25 75.3022550912
4.5 75.3288485711
4.75 75.3566338641
5.0 75.3856034421
5.25 75.4157495128
5.5 75.4470640311
5.75 75.4795387094
6.0 75.5131650294
6.25 75.5479342522
6.5 75.5838374299
6.75 75.6208654158
7.0 75.6590088749
7.25 75.6982582948
7.5 75.738603995
7.75 75.7800361377
8.0 75.8225447366
8.25 75.8661196673
8.5 75.9107506755
8.75 75.9564273864
9.0 76.0031393136
9.25 76.0508758667
9.5 76.0996263603
9.75 76.1493800211
10.0 76.2001259963
10.25 76.2518533603
10.5 76.3045511222
10.75 76.358208233
11.0 76.4128135918
11.25 76.4683560528
11.5 76.5248244319
11.75 76.5822075121
12.0 76.6404940506
12.25 76.699672784
12.5 76.7597324344
12.75 76.8206617151
13.0 76.882449336
13.25 76.9450840091
13.5 77.0085544539
13.75 77.0728494024
14.0 77.1379576044
14.25 77.2038678326
14.5 77.2705688872
14.75 77.3380496007
15.0 77.4062988431
15.25 77.4753055258
15.5 77.5450586065
15.75 77.6155470938
16.0 77.6867600506
16.25 77.7586865993
16.5 77.831315925
16.75 77.9046372799
17.0 77.9786399869
17.25 78.0533134431
17.5 78.1286471239
17.75 78.2046305854
18.0 78.2812534688
18.25 78.3585055026
18.5 78.4363765059
18.75 78.5148563915
19.0 78.5939351682
19.25 78.6736029432
19.5 78.7538499253
19.75 78.8346664261
20.0 78.916042863
20.25 78.9979697605
20.5 79.0804377526
20.75 79.1634375838
21.0 79.2469601113
21.25 79.3309963061
21.5 79.415537254
21.75 79.5005741575
22.0 79.5860983358
22.25 79.6721012264
22.5 79.7585743857
22.75 79.8455094894
23.0 79.9328983331
23.25 80.020732833
23.5 80.1090050258
23.75 80.1977070688
24.0 80.2868312404
24.25 80.3763699398
24.5 80.4663156868
24.75 80.5566611218
25.0 80.6473990054
-25.0 86.1058668615
-24.75 86.0151289779
-24.5 85.9247941269
-24.25 85.8348697273
-24.0 85.7453633163
-23.75 85.6562825493
-23.5 85.5676351998
-23.25 85.4794291595
-23.0 85.3916724383
-22.75 85.3043731636
-22.5 85.2175395802
-22.25 85.1311800495
-22.0 85.0453030492
-21.75 84.9599171723
-21.5 84.8750311265
-21.25 84.7906537327
-21.0 84.7067939243
-20.75 84.6234607459
-20.5 84.5406633517
-20.25 84.4584110041
-20.0 84.3767130719
-19.75 84.2955790288
-19.5 84.215018451
-19.25 84.1350410154
-19.0 84.0556564973
-18.75 83.976874768
-18.5 83.8987057922
-18.25 83.8211596256
-18.0 83.7442464117
-17.75 83.6679763791
-17.5 83.5923598383
-17.25 83.5174071786
-17.0 83.4431288646
-16.75 83.3695354327
-16.5 83.2966374878
-16.25 83.224445699
-16.0 83.1529707962
-15.75 83.0822235658
-15.5 83.0122148469
-15.25 82.9429555269
-15.0 82.8744565371
-14.75 82.8067288487
-14.5 82.7397834677
-14.25 82.6736314309
-14.0 82.6082838008
-13.75 82.5437516608
-13.5 82.4800461109
-13.25 82.417178262
-13.0 82.3551592313
-12.75 82.2940001373
-12.5 82.2337120943
-12.25 82.1743062073
-12.0 82.1157935666
-11.75 82.0581852424
-11.5 82.0014922793
-11.25 81.9457256902
-11.0 81.8908964514
-10.75 81.8370154958
-10.5 81.7840937074
-10.25 81.7321419152
-10.0 81.6811708867
-9.75 81.6311913212
-9.5 81.5822138439
-9.25 81.5342489983
-9.0 81.4873072396
-8.75 81.4413989277
-8.5 81.396534319
-8.25 81.3527235597
-8.0 81.3099766773
-7.75 81.2683035725
-7.5 81.2277140114
-7.25 81.1882176162
-7.0 81.1498238568
-6.75 81.1125420419
-6.5 81.0763813093
-6.25 81.0413506168
-6.0 81.0074587322
-5.75 80.974714224
-5.5 80.9431254508
-5.25 80.9127005516
-5.0 80.8834474357
-4.75 80.8553737719
-4.5 80.8284869791
-4.25 80.8027942151
-4.0 80.7783023673
-3.75 80.755018042
-3.5 80.7329475551
-3.25 80.7120969219
-3.0 80.6924718479
-2.75 80.6740777198
-2.5 80.6569195967
-2.25 80.6410022017
-2.0 80.6263299144
-1.75 80.612906763
-1.5 80.6007364181
-1.25 80.5898221863
-1.0 80.5801670047
-0.75 80.5726539074
-0.5 80.5672855266
-0.25 80.5640637446
0.0 80.5629896916
0.25 80.5640637446
0.5 80.5672855266
0.75 80.5726539074
1.0 80.5801670047
1.25 80.5898221863
1.5 80.6007364181
1.75 80.612906763
2.0 80.6263299144
2.25 80.6410022017
2.5 80.6569195967
2.75 80.6740777198
3.0 80.6924718479
3.25 80.7120969219
3.5 80.7329475551
3.75 80.755018042
4.0 80.7783023673
4.25 80.8027942151
4.5 80.8284869791
4.75 80.8553737719
5.0 80.8834474357
5.25 80.9127005516
5.5 80.9431254508
5.75 80.974714224
6.0 81.0074587322
6.25 81.0413506168
6.5 81.0763813093
6.75 81.1125420419
7.0 81.1498238568
7.25 81.1882176162
7.5 81.2277140114
7.75 81.2683035725
8.0 81.3099766773
8.25 81.3527235597
8.5 81.396534319
8.75 81.4413989277
9.0 81.4873072396
9.25 81.5342489983
9.5 81.5822138439
9.75 81.6311913212
10.0 81.6811708867
10.25 81.7321419152
10.5 81.7840937074
10.75 81.8370154958
11.0 81.8908964514
11.25 81.9457256902
11.5 82.0014922793
11.75 82.0581852424
12.0 82.1157935666
12.25 82.1743062073
12.5 82.2337120943
12.75 82.2940001373
13.0 82.3551592313
13.25 82.417178262
13.5 82.4800461109
13.75 82.5437516608
14.0 82.6082838008
14.25 82.6736314309
14.5 82.7397834677
14.75 82.8067288487
15.0 82.8744565371
15.25 82.9429555269
15.5 83.0122148469
15.75 83.0822235658
16.0 83.1529707962
16.25 83.224445699
16.5 83.2966374878
16.75 83.3695354327
17.0 83.4431288646
17.25 83.5174071786
17.5 83.5923598383
17.75 83.6679763791
18.0 83.7442464117
18.25 83.8211596256
18.5 83.8987057922
18.75 83.976874768
19.0 84.0556564973
19.25 84.1350410154
19.5 84.215018451
19.75 84.2955790288
20.0 84.3767130719
20.25 84.4584110041
20.5 84.5406633517
20.75 84.6234607459
21.0 84.7067939243
21.25 84.7906537327
21.5 84.8750311265
21.75 84.9599171723
22.0 85.0453030492
22.25 85.1311800495
22.5 85.2175395802
22.75 85.3043731636
23.0 85.3916724383
23.25 85.4794291595
23.5 85.5676351998
23.75 85.6562825493
24.0 85.7453633163
24.25 85.8348697273
24.5 85.9247941269
24.75 86.0151289779
25.0 86.1058668615
-25.0 91.5678707734
-24.75 91.4771328899
-24.5 91.3868076323
-24.25 91.2969025815
-24.0 91.2074254341
-23.75 91.1183840023
-23.5 91.029786214
-23.25 90.9416401124
-23.0 90.8539538556
-22.75 90.7667357161
-22.5 90.67999408
-22.25 90.5937374466
-22.0 90.5079744275
-21.75 90.4227137452
-21.5 90.3379642326
-21.25 90.2537348312
-21.0 90.1700345903
-20.75 90.0868726647
-20.5 90.004258314
-20.25 89.9222009001
-20.0 89.8407098853
-19.75 89.7597948307
-19.5 89.6794653935
-19.25 89.5997313247
-19.0 89.5206024667
-18.75 89.4420887503
-18.5 89.3642001922
-18.25 89.2869468918
-18.0 89.210339028
-17.75 89.1343868558
-17.5 89.0591007032
-17.25 88.984490967
-17.0 88.9105681094
-16.75 88.837342654
-16.5 88.7648251817
-16.25 88.6930263262
-16.0 88.6219567703
-15.75 88.5516272406
-15.5 88.4820485037
-15.25 88.4132313608
-15.0 88.3451866434
-14.75 88.277925208
-14.5 88.2114579317
-14.25 88.1457957063
-14.0 88.0809494341
-13.75 88.0169300223
-13.5 87.953748378
-13.25 87.8914154028
-13.0 87.8299419883
-12.75 87.7693390106
-12.5 87.7096173251
-12.25 87.6507877623
-12.0 87.5928611221
-11.75 87.5358481697
-11.5 87.4797596305
-11.25 87.424606186
-11.0 87.3703984691
-10.75 87.3171470602
-10.5 87.2648624828
-10.25 87.2135551996
-10.0 87.1632356087
-9.75 87.1139140398
-9.5 87.0656007506
-9.25 87.0183059228
-9.0 86.9720396589
-8.75 86.9268119779
-8.5 86.8826328123
-8.25 86.8395120033
-8.0 86.7974592969
-7.75 86.7564843398
-7.5 86.7165966738
-7.25 86.6778057314
-7.0 86.6401208292
-6.75 86.6035511623
-6.5 86.5681057966
-6.25 86.5337936619
-6.0 86.5006235428
-5.75 86.4686040699
-5.5 86.4377437097
-5.25 86.4080507536
-5.0 86.3795333066
-4.75 86.3521992741
-4.5 86.3260563493
-4.25 86.3011119988
-4.0 86.2773734479
-3.75 86.2548476656
-3.5 86.2335413487
-3.25 86.2134609058
-3.0 86.1946124411
-2.75 86.1770017382
-2.5 86.1606342438
-2.25 86.1455150523
-2.0 86.1316488903
-1.75 86.119040102
-1.5 86.1076926353
-1.25 86.0976100296
-1.0 86.0887954038
-0.75 86.0812514466
-0.5 86.0758608302
-0.25 86.072625629
0.0 86.07154709
0.25 86.072625629
0.5 86.0758608302
0.75 86.0812514466
1.0 86.0887954038
1.25 86.0976100296
1.5 86.1076926353
1.75 86.119040102
2.0 86.1316488903
2.25 86.1455150523
2.5 86.1606342438
2.75 86.1770017382
3.0 86.1946124411
3.25 86.2134609058
3.5 86.2335413487
3.75 86.2548476656
4.0 86.2773734479
4.25 86.3011119988
4.5 86.3260563493
4.75 86.3521992741
5.0 86.3795333066
5.25 86.4080507536
5.5 86.4377437097
5.75 86.4686040699
6.0 86.5006235428
6.25 86.5337936619
6.5 86.5681057966
6.75 86.6035511623
7.0 86.6401208292
7.25 86.6778057314
7.5 86.7165966738
7.75 86.7564843398
8.0 86.7974592969
8.25 86.8395120033
8.5 86.8826328123
8.75 86.9268119779
9.0 86.9720396589
9.25 87.0183059228
9.5 87.0656007506
9.75 87.1139140398
10.0 87.1632356087
10.25 87.2135551996
10.5 87.2648624828
10.75 87.3171470602
11.0 87.3703984691
11.25 87.424606186
11.5 87.4797596305
11.75 87.5358481697
12.0 87.5928611221
12.25 87.6507877623
12.5 87.7096173251
12.75 87.7693390106
13.0 87.8299419883
13.25 87.8914154028
13.5 87.953748378
13.75 88.0169300223
14.0 88.0809494341
14.25 88.1457957063
14.5 88.2114579317
14.75 88.277925208
15.0 88.3451866434
15.25 88.4132313608
15.5 88.4820485037
15.75 88.5516272406
16.0 88.6219567703
16.25 88.6930263262
16.5 88.7648251817
16.75 88.837342654
17.0 88.9105681094
17.25 88.984490967
17.5 89.0591007032
17.75 89.1343868558
18.0 89.210339028
18.25 89.2869468918
18.5 89.3642001922
18.75 89.4420887503
19.0 89.5206024667
19.25 89.5997313247
19.5 89.6794653935
19.75 89.7597948307
20.0 89.8407098853
20.25 89.9222009001
20.5 90.004258314
20.75 90.0868726647
21.0 90.1700345903
21.25 90.2537348312
21.5 90.3379642326
21.75 90.4227137452
22.0 90.5079744275
22.25 90.5937374466
22.5 90.67999408
22.75 90.7667357161
23.0 90.8539538556
23.25 90.9416401124
23.5 91.029786214
23.75 91.1183840023
24.0 91.2074254341
24.25 91.2969025815
24.5 91.3868076323
24.75 91.4771328899
25.0 91.5678707734
-25.0 97.033050957
-24.75 96.9423130734
-24.5 96.8519963355
-24.25 96.7621084667
-24.0 96.6726573039
-23.75 96.5836507971
-23.5 96.4950970088
-23.25 96.4070041139
-23.0 96.3193803988
-22.75 96.2322342611
-22.5 96.1455742085
-22.25 96.059408858
-22.0 95.9737469349
-21.75 95.8885972717
-21.5 95.8039688067
-21.25 95.7198705829
-21.0 95.6363117461
-20.75 95.5533015434
-20.5 95.4708493215
-20.25 95.3889645248
-20.0 95.3076566931
-19.75 95.2269354596
-19.5 95.1468105484
-19.25 95.0672917723
-19.0 94.9883890297
-18.75 94.9101123022
-18.5 94.8324716515
-18.25 94.7554772163
-18.0 94.679139209
-17.75 94.6034679126
-17.5 94.5284736767
-17.25 94.4541669141
-17.0 94.380558097
-16.75 94.3076577527
-16.5 94.2354764596
-16.25 94.1640248431
-16.0 94.0933135708
-15.75 94.023353348
-15.5 93.9541549129
-15.25 93.885729032
-15.0 93.8180864946
-14.75 93.751238108
-14.5 93.6851946919
-14.25 93.619967073
-14.0 93.5555660797
-13.75 93.4920025358
-13.5 93.4292872553
-13.25 93.3674310361
-13.0 93.306444654
-12.75 93.2463388563
-12.5 93.187124356
-12.25 93.128811825
-12.0 93.0714118879
-11.75 93.0149351153
-11.5 92.9593920173
-11.25 92.9047930365
-11.0 92.8511485416
-10.75 92.7984688206
-10.5 92.7467640737
-10.25 92.6960444064
-10.0 92.6463198229
-9.75 92.5976002187
-9.5 92.5498953741
-9.25 92.5032149469
-9.0 92.4575684658
-8.75 92.4129653229
-8.5 92.3694147674
-8.25 92.3269258984
-8.0 92.2855076582
-7.75 92.2451688253
-7.5 92.2059180082
-7.25 92.167763638
-7.0 92.1307139626
-6.75 92.0947770399
-6.5 92.0599607314
-6.25 92.0262726961
-6.0 91.9937203845
-5.75 91.9623110321
-5.5 91.9320516544
-5.25 91.9029490405
-5.0 91.8750097477
-4.75 91.8482400965
-4.5 91.8226461651
-4.25 91.7982337845
-4.0 91.7750085336
-3.75 91.7529757347
-3.5 91.7321404491
-3.25 91.7125074727
-3.0 91.6940813324
-2.75 91.6768662819
-2.5 91.6608662985
-2.25 91.6460850797
-2.0 91.6325260402
-1.75 91.6201923089
-1.5 91.6090867265
-1.25 91.5992118432
-1.0 91.5905699166
-0.75 91.5831629099
-0.5 91.5778705583
-0.25 91.5746944943
0.0 91.5736356974
0.25 91.5746944943
0.5 91.5778705583
0.75 91.5831629099
1.0 91.5905699166
1.25 91.5992118432
1.5 91.6090867265
1.75 91.6201923089
2.0 91.6325260402
2.25 91.6460850797
2.5 91.6608662985
2.75 91.6768662819
3.0 91.6940813324
3.25 91.7125074727
3.5 91.7321404491
3.75 91.7529757347
4.0 91.7750085336
4.25 91.7982337845
4.5 91.8226461651
4.75 91.8482400965
5.0 91.8750097477
5.25 91.9029490405
5.5 91.9320516544
5.75 91.9623110321
6.0 91.9937203845
6.25 92.0262726961
6.5 92.0599607314
6.75 92.0947770399
7.0 92.1307139626
7.25 92.167763638
7.5 92.2059180082
7.75 92.2451688253
8.0 92.2855076582
8.25 92.3269258984
8.5 92.3694147674
8.75 92.4129653229
9.0 92.4575684658
9.25 92.5032149469
9.5 92.5498953741
9.75 92.5976002187
10.0 92.6463198229
10.25 92.6960444064
10.5 92.7467640737
10.75 92.7984688206
11.0 92.8511485416
11.25 92.9047930365
11.5 92.9593920173
11.75 93.0149351153
12.0 93.0714118879
12.25 93.128811825
12.5 93.187124356
12.75 93.2463388563
13.0 93.306444654
13.25 93.3674310361
13.5 93.4292872553
13.75 93.4920025358
14.0 93.5555660797
14.25 93.619967073
14.5 93.6851946919
14.75 93.751238108
15.0 93.8180864946
15.25 93.885729032
15.5 93.9541549129
15.75 94.023353348
16.0 94.0933135708
16.25 94.1640248431
16.5 94.2354764596
16.75 94.3076577527
17.0 94.380558097
17.25 94.4541669141
17.5 94.5284736767
17.75 94.6034679126
18.0 94.679139209
18.25 94.7554772163
18.5 94.8324716515
18.75 94.9101123022
19.0 94.9883890297
19.25 95.0672917723
19.5 95.1468105484
19.75 95.2269354596
20.0 95.3076566931
20.25 95.3889645248
20.5 95.4708493215
20.75 95.5533015434
21.0 95.6363117461
21.25 95.7198705829
21.5 95.8039688067
21.75 95.8885972717
22.0 95.9737469349
22.25 96.059408858
22.5 96.1455742085
22.75 96.2322342611
23.0 96.3193803988
23.25 96.4070041139
23.5 96.4950970088
23.75 96.5836507971
24.0 96.6726573039
24.25 96.7621084667
24.5 96.8519963355
24.75 96.9423130734
25.0 97.033050957
-25.0 102.501048487
-24.75 102.410310603
-24.5 102.320001379
-24.25 102.230128661
-24.0 102.14070041
-23.75 102.051724691
-23.5 101.963209684
-23.25 101.875163671
-23.0 101.787595048
-22.75 101.700512313
-22.5 101.613924071
-22.25 101.527839033
-22.0 101.442266012
-21.75 101.357213923
-21.5 101.272691782
-21.25 101.188708705
-21.0 101.105273902
-20.75 101.022396682
-20.5 100.940086445
-20.25 100.858352684
-20.0 100.777204978
-19.75 100.696652996
-19.5 100.61670649
-19.25 100.537375292
-19.0 100.458669315
-18.75 100.380598547
-18.5 100.303173049
-18.25 100.226402951
-18.0 100.150298451
-17.75 100.074869809
-17.5 100.000127346
-17.25 99.9260814372
-17.0 99.852742512
-16.75 99.7801210478
-16.5 99.7082275667
-16.25 99.6370726316
-16.0 99.566666842
-15.75 99.4970208296
-15.5 99.4281452544
-15.25 99.3600507998
-15.0 99.2927481683
-14.75 99.2262480773
-14.5 99.1605612535
-14.25 99.095698429
-14.0 99.0316703359
-13.75 98.9684877017
-13.5 98.9061612441
-13.25 98.8447016655
-13.0 98.7841196487
-12.75 98.7244258507
-12.5 98.6656308978
-12.25 98.6077453799
-12.0 98.5507798453
-11.75 98.4947447946
-11.5 98.4396506751
-11.25 98.3855078754
-11.0 98.3323267188
-10.75 98.2801174577
-10.5 98.2288902673
-10.25 98.1786552395
-10.0 98.1294223768
-9.75 98.0812015854
-9.5 98.0340026691
-9.25 97.9878353224
-9.0 97.9427091241
-8.75 97.8986335303
-8.5 97.8556178679
-8.25 97.8136713269
-8.0 97.7728029541
-7.75 97.7330216457
-7.5 97.6943361399
-7.25 97.6567550103
-7.0 97.6202866577
-6.75 97.5849393037
-6.5 97.5507209826
-6.25 97.5176395348
-6.0 97.4857025986
-5.75 97.4549176037
-5.5 97.4252917631
-5.25 97.3968320667
-5.0 97.3695452734
-4.75 97.3434379045
-4.5 97.3185162366
-4.25 97.2947862948
-4.0 97.2722538458
-3.75 97.250924392
-3.5 97.2308031646
-3.25 97.2118951178
-3.0 97.1942049233
-2.75 97.1777369642
-2.5 97.1624953302
-2.25 97.1484838123
-2.0 97.1357058987
-1.75 97.1241647699
-1.5 97.1138632955
-1.25 97.10480403
-1.0 97.0969892104
-0.75 97.0904207527
-0.5 97.0851002504
-0.25 97.081907264
0.0 97.0808428209
0.25 97.081907264
0.5 97.0851002504
0.75 97.0904207527
1.0 97.0969892104
1.25 97.10480403
1.5 97.1138632955
1.75 97.1241647699
2.0 97.1357058987
2.25 97.1484838123
2.5 97.1624953302
2.75 97.1777369642
3.0 97.1942049233
3.25 97.2118951178
3.5 97.2308031646
3.75 97.250924392
4.0 97.2722538458
4.25 97.2947862948
4.5 97.3185162366
4.75 97.3434379045
5.0 97.3695452734
5.25 97.3968320667
5.5 97.4252917631
5.75 97.4549176037
6.0 97.4857025986
6.25 97.5176395348
6.5 97.5507209826
6.75 97.5849393037
7.0 97.6202866577
7.25 97.6567550103
7.5 97.6943361399
7.75 97.7330216457
8.0 97.7728029541
8.25 97.8136713269
8.5 97.8556178679
8.75 97.8986335303
9.0 97.9427091241
9.25 97.9878353224
9.5 98.0340026691
9.75 98.0812015854
10.0 98.1294223768
10.25 98.1786552395
10.5 98.2288902673
10.75 98.2801174577
11.0 98.3323267188
11.25 98.3855078754
11.5 98.4396506751
11.75 98.4947447946
12.0 98.5507798453
12.25 98.6077453799
12.5 98.6656308978
12.75 98.7244258507
13.0 98.7841196487
13.25 98.8447016655
13.5 98.9061612441
13.75 98.9684877017
14.0 99.0316703359
14.25 99.095698429
14.5 99.1605612535
14.75 99.2262480773
15.0 99.2927481683
15.25 99.3600507998
15.5 99.4281452544
15.75 99.4970208296
16.0 99.566666842
16.25 99.6370726316
16.5 99.7082275667
16.75 99.7801210478
17.0 99.852742512
17.25 99.9260814372
17.5 100.000127346
17.75 100.074869809
18.0 100.150298451
18.25 100.226402951
18.5 100.303173049
18.75 100.380598547
19.0 100.458669315
19.25 100.537375292
19.5 100.61670649
19.75 100.696652996
20.0 100.777204978
20.25 100.858352684
20.5 100.940086445
20.75 101.022396682
21.0 101.105273902
21.25 101.188708705
21.5 101.272691782
21.75 101.357213923
22.0 101.442266012
22.25 101.527839033
22.5 101.613924071
22.75 101.700512313
23.0 101.787595048
23.25 101.875163671
23.5 101.963209684
23.75 102.051724691
24.0 102.14070041
24.25 102.230128661
24.5 102.320001379
24.75 102.410310603
25.0 102.501048487
-25.0 107.97148748
-24.75 107.880749596
-24.5 107.790446915
-24.25 107.700587393
-24.0 107.611179098
-23.75 107.522230204
-23.5 107.433748991
-23.25 107.345743849
-23.0 107.258223269
-22.75 107.171195851
-22.5 107.084670295
-22.25 106.998655405
-22.0 106.913160086
-21.75 106.828193339
-21.5 106.743764267
-21.25 106.659882067
-21.0 106.576556028
-20.75 106.493795535
-20.5 106.411610058
-20.25 106.330009159
-20.0 106.249002481
-19.75 106.168599752
-19.5 106.088810779
-19.25 106.009645447
-19.0 105.931113711
-18.75 105.853225601
-18.5 105.775991212
-18.25 105.699420703
-18.0 105.623524294
-17.75 105.548312262
-17.5 105.473794935
-17.25 105.399982692
-17.0 105.326885954
-16.75 105.254515184
-16.5 105.182880881
-16.25 105.111993574
-16.0 105.041863819
-15.75 104.972502195
-15.5 104.903919295
-15.25 104.836125728
-15.0 104.769132106
-14.75 104.702949042
-14.5 104.637587149
-14.25 104.573057026
-14.0 104.509369259
-13.75 104.446534412
-13.5 104.384563023
-13.25 104.323465598
-13.0 104.263252604
-12.75 104.203934461
-12.5 104.145521542
-12.25 104.088024163
-12.0 104.031452574
-11.75 103.975816958
-11.5 103.921127423
-11.25 103.867393995
-11.0 103.814626611
-10.75 103.762835114
-10.5 103.712029248
-10.25 103.662218648
-10.0 103.613412838
-9.75 103.565621219
-9.5 103.51885307
-9.25 103.473117537
-9.0 103.428423626
-8.75 103.3847802
-8.5 103.342195973
-8.25 103.300679501
-8.0 103.260239179
-7.75 103.220883233
-7.5 103.182619714
-7.25 103.145456498
-7.0 103.109401271
-6.75 103.074461532
-6.5 103.040644582
-6.25 103.007957524
-6.0 102.976407252
-5.75 102.946000451
-5.5 102.916743589
-5.25 102.888642916
-5.0 102.861704455
-4.75 102.835934001
-4.5 102.811337116
-4.25 102.787919123
-4.0 102.765685106
-3.75 102.744639903
-3.5 102.724788104
-3.25 102.706134048
-3.0 102.68868182
-2.75 102.672435245
-2.5 102.65739789
-2.25 102.643573059
-2.0 102.630963788
-1.75 102.61957285
-1.5 102.609402745
-1.25 102.600455703
-1.0 102.592733684
-0.75 102.586238369
-0.5 102.580971167
-0.25 102.577810218
0.0 102.576756464
0.25 102.577810218
0.5 102.580971167
0.75 102.586238369
1.0 102.592733684
1.25 102.600455703
1.5 102.609402745
1.75 102.61957285
2.0 102.630963788
2.25 102.643573059
2.5 102.65739789
2.75 102.672435245
3.0 102.68868182
3.25 102.706134048
3.5 102.724788104
3.75 102.744639903
4.0 102.765685106
4.25 102.787919123
4.5 102.811337116
4.75 102.835934001
5.0 102.861704455
5.25 102.888642916
5.5 102.916743589
5.75 102.946000451
6.0 102.976407252
6.25 103.007957524
6.5 103.040644582
6.75 103.074461532
7.0 103.109401271
7.25 103.145456498
7.5 103.182619714
7.75 103.220883233
8.0 103.260239179
8.25 103.300679501
8.5 103.342195973
8.75 103.3847802
9.0 103.428423626
9.25 103.473117537
9.5 103.51885307
9.75 103.565621219
10.0 103.613412838
10.25 103.662218648
10.5 103.712029248
10.75 103.762835114
11.0 103.814626611
11.25 103.867393995
11.5 103.921127423
11.75 103.975816958
12.0 104.031452574
12.25 104.088024163
12.5 104.145521542
12.75 104.203934461
13.0 104.263252604
13.25 104.323465598
13.5 104.384563023
13.75 104.446534412
14.0 104.509369259
14.25 104.573057026
14.5 104.637587149
14.75 104.702949042
15.0 104.769132106
15.25 104.836125728
15.5 104.903919295
15.75 104.972502195
16.0 105.041863819
16.25 105.111993574
16.5 105.182880881
16.75 105.254515184
17.0 105.326885954
17.25 105.399982692
17.5 105.473794935
17.75 105.548312262
18.0 105.623524294
18.25 105.699420703
18.5 105.775991212
18.75 105.853225601
19.0 105.931113711
19.25 106.009645447
19.5 106.088810779
19.75 106.168599752
20.0 106.249002481
20.25 106.330009159
20.5 106.411610058
20.75 106.493795535
21.0 106.576556028
21.25 106.659882067
21.5 106.743764267
21.75 106.828193339
22.0 106.913160086
22.25 106.998655405
22.5 107.084670295
22.75 107.171195851
23.0 107.258223269
23.25 107.345743849
23.5 107.433748991
23.75 107.522230204
24.0 107.611179098
24.25 107.700587393
24.5 107.790446915
24.75 107.880749596
25.0 107.97148748
-25.0 113.444081521
-24.75 113.353343638
-24.5 113.263046593
-24.25 113.173198438
-24.0 113.083807327
-23.75 112.994881519
-23.5 112.906429378
-23.25 112.818459367
-23.0 112.730980055
-22.75 112.644000107
-22.5 112.557528288
-22.25 112.471573463
-22.0 112.386144587
-21.75 112.301250715
-21.5 112.216900991
-21.25 112.133104649
-21.0 112.049871012
-20.75 111.967209489
-20.5 111.885129571
-20.25 111.803640832
-20.0 111.722752923
-19.75 111.64247557
-19.5 111.562818574
-19.25 111.483791803
-19.0 111.405405193
-18.75 111.327668742
-18.5 111.250592511
-18.25 111.174186612
-18.0 111.098461216
-17.75 111.023426537
-17.5 110.949092839
-17.25 110.875470424
-17.0 110.802569633
-16.75 110.730400839
-16.5 110.658974446
-16.25 110.58830088
-16.0 110.51839059
-15.75 110.44925404
-15.5 110.380901705
-15.25 110.313344068
-15.0 110.246591615
-14.75 110.180654831
-14.5 110.115544194
-14.25 110.05127017
-14.0 109.987843213
-13.75 109.925273755
-13.5 109.863572205
-13.25 109.802748943
-13.0 109.742814316
-12.75 109.683778636
-12.5 109.625652169
-12.25 109.568445139
-12.0 109.512167718
-11.75 109.456830024
-11.5 109.402442116
-11.25 109.34901399
-11.0 109.296555575
-10.75 109.245076728
-10.5 109.19458723
-10.25 109.145096784
-10.0 109.096615006
-9.75 109.049151425
-9.5 109.002715473
-9.25 108.957316489
-9.0 108.912963706
-8.75 108.869666249
-8.5 108.82743313
-8.25 108.786273245
-8.0 108.746195363
-7.75 108.707208126
-7.5 108.669320037
-7.25 108.63253946
-7.0 108.59687461
-6.75 108.562333546
-6.5 108.528924163
-6.25 108.496654188
-6.0 108.465531169
-5.75 108.43556247
-5.5 108.406755258
-5.25 108.379116502
-5.0 108.352652955
-4.75 108.327371153
-4.5 108.303277403
-4.25 108.280377773
-4.0 108.258678084
-3.75 108.238183901
-3.5 108.218900525
-3.25 108.20083298
-3.0 108.183986009
-2.75 108.168364062
-2.5 108.153971291
-2.25 108.140811539
-2.0 108.128888334
-1.75 108.118204882
-1.5 108.108764059
-1.25 108.10056841
-1.0 108.093620136
-0.75 108.087921097
-0.5 108.083472803
-0.25 108.080276414
0.0 108.079210831
0.25 108.080276414
0.5 108.083472803
0.75 108.087921097
1.0 108.093620136
1.25 108.10056841
1.5 108.108764059
1.75 108.118204882
2.0 108.128888334
2.25 108.140811539
2.5 108.153971291
2.75 108.168364062
3.0 108.183986009
3.25 108.20083298
3.5 108.218900525
3.75 108.238183901
4.0 108.258678084
4.25 108.280377773
4.5 108.303277403
4.75 108.327371153
5.0 108.352652955
5.25 108.379116502
5.5 108.406755258
5.75 108.43556247
6.0 108.465531169
6.25 108.496654188
6.5 108.528924163
6.75 108.562333546
7.0 108.59687461
7.25 108.63253946
7.5 108.669320037
7.75 108.707208126
8.0 108.746195363
8.25 108.786273245
8.5 108.82743313
8.75 108.869666249
9.0 108.912963706
9.25 108.957316489
9.5 109.002715473
9.75 109.049151425
10.0 109.096615006
10.25 109.145096784
10.5 109.19458723
10.75 109.245076728
11.0 109.296555575
11.25 109.34901399
11.5 109.402442116
11.75 109.456830024
12.0 109.512167718
12.25 109.568445139
12.5 109.625652169
12.75 109.683778636
13.0 109.742814316
13.25 109.802748943
13.5 109.863572205
13.75 109.925273755
14.0 109.987843213
14.25 110.05127017
14.5 110.115544194
14.75 110.180654831
15.0 110.246591615
15.25 110.313344068
15.5 110.380901705
15.75 110.44925404
16.0 110.51839059
16.25 110.58830088
16.5 110.658974446
16.75 110.730400839
17.0 110.802569633
17.25 110.875470424
17.5 110.949092839
17.75 111.023426537
18.0 111.098461216
18.25 111.174186612
18.5 111.250592511
18.75 111.327668742
19.0 111.405405193
19.25 111.483791803
19.5 111.562818574
19.75 111.64247557
20.0 111.722752923
20.25 111.803640832
20.5 111.885129571
20.75 111.967209489
21.0 112.049871012
21.25 112.133104649
21.5 112.216900991
21.75 112.301250715
22.0 112.386144587
22.25 112.471573463
22.5 112.557528288
22.75 112.644000107
23.0 112.730980055
23.25 112.818459367
23.5 112.906429378
23.75 112.994881519
24.0 113.083807327
24.25 113.173198438
24.5 113.263046593
24.75 113.353343638
25.0 113.444081521
