6.4516 465.36 378.5 471.76 428.74 344.4 353.72 562.67 492.01 412.27
12.903 460.99 373.46 467.85 423.58 340.72 349.29 557.57 485.15 407.1
19.355 456.64 368.45 463.92 418.44 337.04 344.88 552.48 478.33 401.94
25.806 452.31 363.47 459.98 413.33 333.37 340.48 547.37 471.53 396.78
32.258 448 358.52 456.02 408.24 329.71 336.1 542.27 464.76 391.62
38.71 443.7 353.6 452.06 403.17 326.06 331.73 537.17 458.03 386.47
45.161 439.43 348.72 448.08 398.13 322.41 327.38 532.07 451.32 381.33
51.613 435.17 343.87 444.09 393.11 318.77 323.04 526.96 444.65 376.19
58.065 430.93 339.05 440.09 388.11 315.14 318.71 521.86 438.01 371.06
64.516 426.71 334.27 436.08 383.15 311.51 314.4 516.75 431.4 365.93
70.968 422.52 329.53 432.06 378.2 307.89 310.11 511.64 424.82 360.8
77.419 418.34 324.83 428.02 373.28 304.28 305.83 506.53 418.27 355.68
83.871 414.18 320.16 423.98 368.39 300.68 301.56 501.42 411.76 350.57
90.323 410.04 315.54 419.92 363.52 297.08 297.3 496.31 405.27 345.46
96.774 405.92 310.96 415.85 358.68 293.49 293.06 491.2 398.82 340.35
103.23 401.82 306.41 411.77 353.86 289.91 288.83 486.09 392.41 335.25
109.68 397.74 301.92 407.68 349.07 286.33 284.62 480.98 386.02 330.16
116.13 393.69 297.47 403.58 344.31 282.77 280.42 475.87 379.67 325.07
122.58 389.65 293.06 399.47 339.57 279.2 276.23 470.75 373.36 319.98
129.03 385.64 288.7 395.35 334.86 275.65 272.06 465.64 367.08 314.9
135.48 381.64 284.39 391.22 330.18 272.1 267.9 460.52 360.83 309.83
141.94 377.67 280.12 387.08 325.52 268.56 263.75 455.41 354.61 304.76
148.39 373.72 275.91 382.93 320.89 265.03 259.61 450.29 348.43 299.69
154.84 369.79 271.75 378.77 316.29 261.5 255.49 445.17 342.29 294.63
161.29 365.89 267.64 374.6 311.72 257.98 251.38 440.05 336.18 289.57
167.74 362.01 263.58 370.43 307.18 254.47 247.28 434.94 330.11 284.52
174.19 358.15 259.57 366.24 302.66 250.96 243.19 429.82 324.07 279.48
180.65 354.31 255.61 362.04 298.18 247.47 239.12 424.7 318.06 274.43
187.1 350.49 251.7 357.83 293.72 243.97 235.06 419.58 312.1 269.4
193.55 346.7 247.83 353.62 289.29 240.49 231.01 414.46 306.18 264.37
200 342.93 244 349.38 284.89 237.01 226.97 409.34 300.3 259.34
206.45 339.19 240.22 345.12 280.52 233.54 222.94 404.22 294.45 254.32
212.9 335.47 236.48 340.83 276.18 230.07 218.93 399.1 288.63 249.29
219.35 331.77 232.78 336.53 271.87 226.61 214.92 393.98 282.84 244.2
225.81 328.1 229.11 332.2 267.6 223.16 210.93 388.86 277.08 239.05
232.26 324.45 225.48 327.85 263.35 219.72 206.95 383.74 271.35 233.87
238.71 320.82 221.88 323.49 259.13 216.28 202.98 378.61 265.65 228.64
245.16 317.23 218.32 319.11 254.94 212.85 199.02 373.49 259.97 223.4
251.61 313.67 214.78 314.72 250.78 209.42 195.07 368.37 254.33 218.15
258.06 310.14 211.28 310.32 246.65 205.97 191.14 363.25 248.71 212.9
264.52 306.64 207.79 305.9 242.54 202.53 187.21 358.13 243.13 207.66
270.97 303.16 204.34 301.48 238.46 199.08 183.3 353 237.57 202.44
277.42 299.71 200.9 297.06 234.41 195.62 179.41 347.88 232.05 197.27
283.87 296.29 197.49 292.62 230.38 192.17 175.53 342.76 226.56 192.14
290.32 292.88 194.1 288.19 226.38 188.71 171.65 337.63 221.1 187.06
296.77 289.5 190.72 283.75 222.4 185.26 167.79 332.47 215.67 182.06
303.23 286.14 187.36 279.3 218.44 181.82 163.93 327.26 210.27 177.15
309.68 282.8 184.01 274.86 214.51 178.38 160.08 322.01 204.9 172.32
316.13 279.48 180.67 270.43 210.59 174.95 156.25 316.72 199.57 167.6
322.58 276.17 177.35 265.99 206.69 171.53 152.43 311.4 194.26 163
329.03 272.89 174.03 261.56 202.82 168.13 148.63 306.05 189 158.53
335.48 269.61 170.71 257.14 198.96 164.74 144.85 300.68 183.76 154.19
341.94 266.35 167.41 252.72 195.12 161.37 141.09 295.29 178.56 150.01
348.39 263.1 164.1 248.32 191.29 158.01 137.35 289.89 173.39 145.95
354.84 259.86 160.8 243.92 187.48 154.68 133.63 284.48 168.24 141.97
361.29 256.63 157.49 239.54 183.69 151.37 129.93 279.08 163.12 138.08
367.74 253.41 154.19 235.17 179.9 148.09 126.27 273.67 158 134.26
374.19 250.2 150.88 230.76 176.14 144.83 122.62 268.28 152.9 130.52
380.65 246.99 147.54 226.3 172.38 141.61 119.01 262.9 147.84 126.84
387.1 243.78 144.18 221.8 168.64 138.41 115.43 257.54 142.85 123.23
393.55 240.58 140.79 217.23 164.9 135.25 111.88 252.21 137.92 119.67
400 237.39 137.39 212.59 161.18 132.12 108.3 246.9 133.08 116.17
406.45 234.19 133.97 207.9 157.46 129.03 104.65 241.63 128.35 112.71
412.9 230.99 130.55 203.18 153.75 125.98 100.94 236.41 123.74 109.31
419.35 227.79 127.13 198.43 150.05 122.97 97.221 231.23 119.26 105.94
425.81 224.59 123.72 193.67 146.36 119.98 93.519 226.1 114.78 102.61
432.26 221.38 120.32 188.92 142.65 116.99 89.871 221.03 110.3 99.311
438.71 218.17 116.95 184.18 138.89 113.99 86.314 216.02 105.84 96.039
445.16 214.95 113.6 179.48 135.09 110.99 82.883 211.08 101.43 92.791
451.61 211.73 110.29 174.82 131.26 107.99 79.614 206.21 97.082 89.561
458.06 208.49 107.03 170.22 127.44 104.99 76.542 201.42 92.829 86.346
464.52 205.24 103.81 165.69 123.63 102.02 73.704 196.71 88.695 83.14
470.97 201.98 100.65 161.24 119.84 99.059 71.135 192.1 84.703 79.94
477.42 198.67 97.546 156.9 116.1 96.128 68.863 187.57 80.879 76.731
483.87 195.32 94.516 152.66 112.42 93.23 66.729 183.15 77.248 73.506
490.32 191.94 91.562 148.56 108.81 90.371 64.631 178.81 73.833 70.291
496.77 188.52 88.691 144.59 105.3 87.557 62.571 174.52 70.659 67.115
503.23 185.08 85.909 140.78 101.9 84.794 60.55 170.29 67.732 64.008
509.68 181.63 83.223 137.13 98.624 82.089 58.569 166.11 64.97 60.998
516.13 178.15 80.641 133.66 95.491 79.446 56.627 161.98 62.349 58.117
522.58 174.67 78.151 130.39 92.516 76.873 54.727 157.9 59.853 55.392
529.03 171.18 75.698 127.25 89.708 74.375 52.869 153.87 57.466 52.854
535.48 167.68 73.275 124.18 87.036 71.959 51.055 149.89 55.172 50.452
541.94 164.19 70.884 121.17 84.418 69.631 49.284 145.94 52.956 48.13
548.39 160.71 68.531 118.22 81.845 67.396 47.558 142.05 50.801 45.894
554.84 157.24 66.218 115.32 79.322 65.26 45.878 138.19 48.691 43.753
561.29 153.78 63.949 112.47 76.852 63.19 44.245 134.37 46.611 41.714
567.74 150.35 61.73 109.68 74.439 61.156 42.659 130.6 44.545 39.787
574.19 146.94 59.563 106.94 72.086 59.159 41.122 126.86 42.475 37.978
580.65 143.56 57.453 104.25 69.799 57.199 39.634 123.16 40.374 36.295
587.1 140.22 55.403 101.61 67.579 55.28 38.196 119.49 38.252 34.67
593.55 136.92 53.418 99.023 65.432 53.404 36.81 115.85 36.131 33.018
600 133.66 51.501 96.485 63.361 51.572 35.476 112.25 34.028 31.372
606.45 130.45 49.657 93.995 61.369 49.787 34.195 108.68 31.963 29.765
612.9 127.3 47.889 91.554 59.461 48.05 32.967 105.14 29.954 28.228
619.35 124.2 46.202 89.161 57.64 46.364 31.795 101.62 28.022 26.796
625.81 121.17 44.591 86.814 55.91 44.731 30.678 98.096 26.185 25.499
632.26 118.2 43.002 84.513 54.275 43.152 29.618 94.564 24.462 24.373
638.71 115.31 41.404 82.258 52.738 41.63 28.615 91.065 22.873 23.448
645.16 112.49 39.808 80.047 51.301 40.166 27.671 87.611 21.436 22.759
651.61 109.75 38.222 77.88 49.944 38.764 26.762 84.211 20.165 22.321
658.06 107.11 36.657 75.757 48.655 37.424 25.858 80.878 18.943 21.956
664.52 104.54 35.121 73.676 47.428 36.149 24.962 77.62 17.729 21.595
670.97 102.02 33.626 71.637 46.257 34.918 24.075 74.45 16.543 21.237
677.42 99.509 32.18 69.638 45.135 33.689 23.199 71.377 15.404 20.882
683.87 97.001 30.793 67.681 44.056 32.467 22.336 68.412 14.33 20.531
690.32 94.5 29.475 65.763 43.013 31.257 21.488 65.566 13.34 20.183
696.77 92.007 28.235 63.884 42 30.064 20.658 62.837 12.454 19.839
703.23 89.526 27.084 62.038 41.011 28.895 19.848 60.111 11.689 19.498
709.68 87.059 26.03 60.204 40.038 27.753 19.058 57.354 11.064 19.161
716.13 84.608 25.084 58.368 39.076 26.646 18.292 54.596 10.599 18.827
722.58 82.177 24.255 56.53 38.118 25.577 17.552 51.869 10.295 18.496
729.03 79.768 23.552 54.692 37.158 24.553 16.839 49.202 10.052 18.169
735.48 77.383 22.987 52.859 36.189 23.578 16.156 46.626 9.8422 17.845
741.94 75.025 22.528 51.037 35.2 22.659 15.504 44.171 9.66 17.524
748.39 72.697 22.082 49.229 34.164 21.8 14.886 41.868 9.4975 17.207
754.84 70.401 21.644 47.438 33.09 21.007 14.304 39.747 9.3476 16.893
761.29 68.139 21.215 45.671 31.991 20.286 13.759 37.838 9.2027 16.582
767.74 65.915 20.795 43.931 30.882 19.641 13.254 36.07 9.0555 16.274
774.19 63.732 20.385 42.222 29.777 19.078 12.791 34.363 8.8988 15.97
780.65 61.59 19.986 40.548 28.688 18.602 12.372 32.719 8.7251 15.669
787.1 59.494 19.597 38.914 27.63 18.185 11.999 31.138 8.5271 15.372
793.55 57.446 19.221 37.325 26.617 17.78 11.673 29.623 8.2975 15.077
800 55.448 18.856 35.784 25.663 17.386 11.398 28.174 8.0372 14.786
806.45 53.503 18.504 34.296 24.781 17.003 11.174 26.794 7.7788 14.498
812.9 51.613 18.165 32.865 23.985 16.631 11.005 25.484 7.5264 14.214
819.35 49.781 17.839 31.495 23.288 16.269 10.872 24.246 7.2799 13.932
825.81 48.01 17.528 30.191 22.706 15.918 10.742 23.08 7.0392 13.654
832.26 46.303 17.232 28.957 22.251 15.577 10.614 21.989 6.8044 13.379
838.71 44.661 16.951 27.797 21.925 15.245 10.487 20.964 6.5751 13.107
845.16 43.088 16.685 26.716 21.637 14.923 10.361 19.941 6.3515 12.838
851.61 41.586 16.436 25.718 21.365 14.61 10.237 18.917 6.1334 12.573
858.06 40.157 16.204 24.807 21.108 14.307 10.115 17.9 5.9208 12.31
864.52 38.805 15.99 23.988 20.867 14.012 9.9942 16.901 5.7136 12.051
870.97 37.531 15.793 23.264 20.639 13.726 9.8746 15.927 5.5116 11.794
877.42 36.339 15.615 22.641 20.424 13.448 9.7564 14.989 5.3149 11.541
883.87 35.229 15.456 22.106 20.221 13.178 9.6396 14.094 5.1234 11.291
890.32 34.153 15.317 21.594 20.029 12.917 9.524 13.254 4.9369 11.044
896.77 33.097 15.197 21.095 19.848 12.663 9.4096 12.476 4.7554 10.8
903.23 32.062 15.099 20.61 19.676 12.416 9.2964 11.769 4.5789 10.56
909.68 31.052 15.021 20.138 19.513 12.176 9.1843 11.143 4.4072 10.322
916.13 30.07 14.957 19.68 19.358 11.944 9.0733 10.608 4.2403 10.087
922.58 29.118 14.897 19.235 19.21 11.718 8.9634 10.16 4.078 9.8554
929.03 28.201 14.84 18.803 19.068 11.499 8.8545 9.7361 3.9204 9.6267
935.48 27.319 14.787 18.384 18.932 11.286 8.7466 9.3254 3.7674 9.401
941.94 26.478 14.737 17.979 18.8 11.079 8.6396 8.9274 3.6188 9.1783
948.39 25.679 14.69 17.587 18.672 10.877 8.5335 8.5421 3.4746 8.9586
954.84 24.926 14.645 17.208 18.547 10.682 8.4282 8.1691 3.3348 8.7418
961.29 24.221 14.604 16.842 18.423 10.491 8.3237 7.8084 3.1992 8.528
967.74 23.567 14.564 16.489 18.301 10.306 8.22 7.4597 3.0677 8.3172
974.19 22.968 14.527 16.149 18.18 10.125 8.117 7.123 2.9404 8.1093
980.65 22.426 14.492 15.822 18.057 9.9492 8.0147 6.798 2.817 7.9043
987.1 21.945 14.459 15.508 17.934 9.7776 7.913 6.4846 2.6977 7.7023
993.55 21.527 14.427 15.207 17.808 9.61 7.8119 6.1825 2.5821 7.5031
1000 21.162 14.396 14.919 17.679 9.4464 7.7113 5.8917 2.4704 7.3069
1006.5 20.809 14.366 14.644 17.546 9.2864 7.6113 5.612 2.3624 7.1135
1012.9 20.462 14.337 14.381 17.409 9.1298 7.5117 5.3432 2.258 6.923
1019.4 20.124 14.309 14.131 17.266 8.9764 7.4125 5.0851 2.1572 6.7353
1025.8 19.794 14.281 13.894 17.116 8.8259 7.3137 4.8375 2.0599 6.5505
1032.3 19.475 14.253 13.67 16.96 8.6781 7.2152 4.6004 1.966 6.3686
1038.7 19.166 14.225 13.458 16.796 8.5328 7.1171 4.3735 1.8755 6.1895
1045.2 18.868 14.197 13.259 16.624 8.3897 7.0192 4.1567 1.7882 6.0132
1051.6 18.583 14.168 13.072 16.445 8.2486 6.9214 3.9497 1.7041 5.8397
1058.1 18.311 14.138 12.898 16.26 8.1093 6.8239 3.7525 1.6231 5.6689
1064.5 18.052 14.108 12.729 16.07 7.9714 6.7265 3.5649 1.5451 5.501
1071 17.808 14.076 12.564 15.875 7.8342 6.6291 3.3866 1.4701 5.3359
1077.4 17.58 14.043 12.404 15.678 7.6963 6.532 3.2175 1.398 5.1735
1083.9 17.368 14.008 12.247 15.479 7.5575 6.4353 3.0576 1.3287 5.0138
1090.3 17.173 13.972 12.095 15.279 7.4179 6.3388 2.9065 1.2622 4.8569
1096.8 16.995 13.932 11.946 15.078 7.2775 6.2427 2.7626 1.1982 4.7027
1103.2 16.837 13.888 11.801 14.879 7.1363 6.1469 2.6201 1.1369 4.5513
1109.7 16.682 13.841 11.66 14.681 6.9944 6.0515 2.4786 1.0781 4.4025
1116.1 16.503 13.789 11.522 14.486 6.8518 5.9564 2.3383 1.0217 4.2564
1122.6 16.303 13.733 11.387 14.295 6.7084 5.8616 2.1994 0.96769 4.1131
1129 16.083 13.674 11.256 14.108 6.5643 5.7672 2.0623 0.91594 3.9724
1135.5 15.844 13.611 11.128 13.928 6.4195 5.6732 1.9273 0.86639 3.8343
1141.9 15.588 13.545 11.002 13.753 6.274 5.5795 1.7944 0.81898 3.6989
1148.4 15.318 13.475 10.88 13.587 6.1278 5.4861 1.6641 0.77361 3.5662
1154.8 15.035 13.401 10.761 13.429 5.981 5.3931 1.5367 0.73023 3.436
1161.3 14.74 13.325 10.644 13.281 5.8335 5.3004 1.4122 0.68875 3.3085
1167.7 14.437 13.245 10.53 13.143 5.6854 5.2082 1.2911 0.64909 3.1836
1174.2 14.126 13.162 10.419 13.017 5.5367 5.1162 1.1735 0.61119 3.0613
1180.6 13.809 13.076 10.309 12.904 5.3874 5.0247 1.0598 0.57496 2.9416
1187.1 13.489 12.987 10.203 12.804 5.2375 4.9335 0.95023 0.54033 2.8244
1193.5 13.167 12.895 10.098 12.718 5.087 4.8427 0.84499 0.50723 2.7098
1200 12.844 12.8 9.9952 12.648 4.936 4.7522 0.74438 0.47558 2.5977
1206.5 12.523 12.703 9.8946 12.595 4.7844 4.6622 0.64865 0.4453 2.4882
1212.9 12.206 12.603 9.7957 12.559 4.6322 4.5725 0.55808 0.41631 2.3813
1219.4 11.894 12.501 9.6986 12.541 4.4796 4.4832 0.47292 0.38855 2.2768
1225.8 11.589 12.396 9.6031 12.537 4.3264 4.3942 0.39343 0.36194 2.1748
1232.3 11.294 12.289 9.5092 12.53 4.1728 4.3057 0.31988 0.33639 2.0754
1238.7 11.009 12.179 9.4166 12.518 4.0186 4.2175 0.25252 0.31185 1.9784
1245.2 10.737 12.068 9.3253 12.5 3.8641 4.1298 0.19163 0.28822 1.8839
1251.6 10.479 11.954 9.2353 12.478 3.709 4.0424 0.13746 0.26543 1.7918
1258.1 10.237 11.838 9.1462 12.451 3.5535 3.9554 0.090271 0.24342 1.7022
1264.5 10.014 11.721 9.0562 12.419 3.3976 3.8689 0.05033 0.22209 1.6151
1271 9.8108 11.601 8.9647 12.382 3.2413 3.7827 0.017897 0.20139 1.5303
1277.4 9.6292 11.48 8.8717 12.341 3.0846 3.6969 -0.0067666 0.18122 1.448
1283.9 9.4714 11.357 8.7774 12.295 2.9276 3.6116 -0.023398 0.16153 1.3681
1290.3 9.3389 11.233 8.6817 12.245 2.7701 3.5266 -0.031736 0.14222 1.2906
1296.8 9.2279 11.107 8.5846 12.19 2.6123 3.4421 -0.031517 0.12323 1.2155
1303.2 9.119 10.98 8.4863 12.131 2.4542 3.358 -0.022481 0.10447 1.1427
1309.7 9.0107 10.851 8.3866 12.068 2.2957 3.2743 -0.0043656 0.085884 1.0723
1316.1 8.9029 10.721 8.2857 12.001 2.137 3.191 0 0.067382 1.0043
1322.6 8.7956 10.59 8.1835 11.929 1.9779 3.1081 0 0.048893 0.93856
1329 8.689 10.459 8.0802 11.853 1.8186 3.0257 0 0.030341 0.87518
1335.5 8.5828 10.326 7.9757 11.774 1.6589 2.9437 0 0.011651 0.81412
1341.9 8.4772 10.192 7.8701 11.69 1.4991 2.8621 0 0 0.75536
1348.4 8.3722 10.057 7.7633 11.603 1.339 2.7809 0 0 0.6989
1354.8 8.2678 9.9222 7.6555 11.512 1.1786 2.7002 0 0 0.64472
1361.3 8.1639 9.7863 7.5467 11.418 1.0181 2.6199 0 0 0.59281
1367.7 8.0605 9.65 7.4368 11.32 0.85733 2.5401 0 0 0.54317
1374.2 7.9578 9.5132 7.326 11.218 0.69641 2.4607 0 0 0.49578
1380.6 7.8556 9.3761 7.2142 11.113 0.53531 2.3818 0 0 0.45062
1387.1 7.7539 9.2387 7.1015 11.005 0.37405 2.3033 0 0 0.4077
1393.5 7.6529 9.1012 6.9879 10.893 0.21266 2.2252 0 0 0.36699
1400 7.5524 8.9635 6.8735 10.778 0.051132 2.1476 0 0 0.32849
1406.5 7.4525 8.8259 6.7582 10.66 0 2.0705 0 0 0.29218
1412.9 7.3531 8.6884 6.6422 10.539 0 1.9938 0 0 0.25805
1419.4 7.2544 8.551 6.5253 10.416 0 1.9176 0 0 0.2261
1425.8 7.1562 8.4139 6.4078 10.289 0 1.8418 0 0 0.19631
1432.3 7.0586 8.2772 6.2895 10.159 0 1.7665 0 0 0.16868
1438.7 6.9616 8.1409 6.1706 10.027 0 1.6917 0 0 0.14318
1445.2 6.8652 8.0051 6.051 9.892 0 1.6173 0 0 0.1198
1451.6 6.7693 7.8699 5.9308 9.7545 0 1.5434 0 0 0.098551
1458.1 6.6741 7.7354 5.81 9.6145 0 1.47 0 0 0.079404
1464.5 6.5794 7.5994 5.6887 9.4721 0 1.3971 0 0 0.062351
1471 6.4853 7.4608 5.5669 9.3273 0 1.3247 0 0 0.047383
1477.4 6.3919 7.3196 5.4446 9.1803 0 1.2527 0 0 0.034487
1483.9 6.299 7.176 5.3218 9.0311 0 1.1812 0 0 0.023654
1490.3 6.2067 7.0298 5.1986 8.8797 0 1.1102 0 0 0.014871
1496.8 6.115 6.8812 5.075 8.7264 0 1.0397 0 0 0.0081272
1503.2 6.024 6.7303 4.951 8.5711 0 0.96972 0 0 0.0034124
1509.7 5.9335 6.577 4.8267 8.4139 0 0.90021 0 0 0.00071492
1516.1 5.8436 6.4214 4.7021 8.2549 0 0.8312 0 0 0
1522.6 5.7544 6.2635 4.5772 8.0941 0 0.7627 0 0 0
1529 5.6657 6.1034 4.4521 7.9317 0 0.69469 0 0 0
1535.5 5.5777 5.9412 4.3267 7.7677 0 0.6272 0 0 0
1541.9 5.4903 5.7769 4.2012 7.6023 0 0.56021 0 0 0
1548.4 5.4034 5.6105 4.0755 7.4354 0 0.49374 0 0 0
1554.8 5.3173 5.442 3.9497 7.2671 0 0.42778 0 0 0
1561.3 5.2317 5.2716 3.8239 7.0976 0 0.36234 0 0 0
1567.7 5.1467 5.0992 3.6979 6.9269 0 0.29741 0 0 0
1574.2 5.0624 4.9249 3.5719 6.7551 0 0.23301 0 0 0
1580.6 4.9787 4.7488 3.446 6.5822 0 0.16913 0 0 0
1587.1 4.8956 4.5709 3.32 6.4084 0 0.10579 0 0 0
1593.5 4.8132 4.3912 3.1942 6.2336 0 0.042966 0 0 0
1600 4.7313 4.2098 3.0684 6.0581 0 0 0 0 0
1606.5 4.6502 4.0267 2.9428 5.8818 0 0 0 0 0
1612.9 4.5696 3.842 2.8173 5.7049 0 0 0 0 0
1619.4 4.4897 3.6557 2.692 5.5274 0 0 0 0 0
1625.8 4.4104 3.4679 2.5669 5.3493 0 0 0 0 0
1632.3 4.3318 3.2786 2.442 5.1709 0 0 0 0 0
1638.7 4.2538 3.0878 2.3175 4.9921 0 0 0 0 0
1645.2 4.1764 2.8956 2.1932 4.813 0 0 0 0 0
1651.6 4.0997 2.7021 2.0693 4.6337 0 0 0 0 0
1658.1 4.0236 2.5072 1.9457 4.4543 0 0 0 0 0
1664.5 3.9482 2.3111 1.8226 4.2748 0 0 0 0 0
1671 3.8734 2.1137 1.6999 4.0954 0 0 0 0 0
1677.4 3.7993 1.9151 1.5776 3.916 0 0 0 0 0
1683.9 3.7259 1.7154 1.4559 3.7369 0 0 0 0 0
1690.3 3.6531 1.5147 1.3347 3.558 0 0 0 0 0
1696.8 3.5809 1.3128 1.214 3.3794 0 0 0 0 0
1703.2 3.5094 1.11 1.0939 3.2013 0 0 0 0 0
1709.7 3.4386 0.90616 0.97442 3.0236 0 0 0 0 0
1716.1 3.3685 0.70144 0.85559 2.8465 0 0 0 0 0
1722.6 3.299 0.49584 0.73744 2.67 0 0 0 0 0
1729 3.2301 0.28942 0.62 2.4943 0 0 0 0 0
1735.5 3.162 0.082209 0.5033 2.3193 0 0 0 0 0
1741.9 3.0945 0 0.38736 2.1452 0 0 0 0 0
1748.4 3.0277 0 0.27223 1.9721 0 0 0 0 0
1754.8 2.9615 0 0.15793 1.8 0 0 0 0 0
1761.3 2.8961 0 0.044485 1.6289 0 0 0 0 0
1767.7 2.8313 0 0 1.4591 0 0 0 0 0
1774.2 2.7672 0 0 1.2905 0 0 0 0 0
1780.6 2.7037 0 0 1.1232 0 0 0 0 0
1787.1 2.641 0 0 0.95733 0 0 0 0 0
1793.5 2.5789 0 0 0.79294 0 0 0 0 0
1800 2.5176 0 0 0.63011 0 0 0 0 0
1806.5 2.4569 0 0 0.4689 0 0 0 0 0
1812.9 2.3969 0 0 0.30941 0 0 0 0 0
1819.4 2.3376 0 0 0.1517 0 0 0 0 0
1825.8 2.279 0 0 0 0 0 0 0 0
1832.3 2.2211 0 0 0 0 0 0 0 0
1838.7 2.1639 0 0 0 0 0 0 0 0
1845.2 2.1074 0 0 0 0 0 0 0 0
1851.6 2.0516 0 0 0 0 0 0 0 0
1858.1 1.9965 0 0 0 0 0 0 0 0
1864.5 1.9421 0 0 0 0 0 0 0 0
1871 1.8884 0 0 0 0 0 0 0 0
1877.4 1.8355 0 0 0 0 0 0 0 0
1883.9 1.7832 0 0 0 0 0 0 0 0
1890.3 1.7317 0 0 0 0 0 0 0 0
1896.8 1.6808 0 0 0 0 0 0 0 0
1903.2 1.6307 0 0 0 0 0 0 0 0
1909.7 1.5813 0 0 0 0 0 0 0 0
1916.1 1.5326 0 0 0 0 0 0 0 0
1922.6 1.4847 0 0 0 0 0 0 0 0
1929 1.4375 0 0 0 0 0 0 0 0
1935.5 1.391 0 0 0 0 0 0 0 0
1941.9 1.3452 0 0 0 0 0 0 0 0
1948.4 1.3001 0 0 0 0 0 0 0 0
1954.8 1.2558 0 0 0 0 0 0 0 0
1961.3 1.2122 0 0 0 0 0 0 0 0
1967.7 1.1694 0 0 0 0 0 0 0 0
1974.2 1.1273 0 0 0 0 0 0 0 0
1980.6 1.0859 0 0 0 0 0 0 0 0
1987.1 1.0453 0 0 0 0 0 0 0 0
1993.5 1.0054 0 0 0 0 0 0 0 0
2000 0.9663 0 0 0 0 0 0 0 0
2006.5 0.92792 0 0 0 0 0 0 0 0
2012.9 0.89028 0 0 0 0 0 0 0 0
2019.4 0.85339 0 0 0 0 0 0 0 0
2025.8 0.81725 0 0 0 0 0 0 0 0
2032.3 0.78187 0 0 0 0 0 0 0 0
2038.7 0.74725 0 0 0 0 0 0 0 0
2045.2 0.71338 0 0 0 0 0 0 0 0
2051.6 0.68027 0 0 0 0 0 0 0 0
2058.1 0.64793 0 0 0 0 0 0 0 0
2064.5 0.61635 0 0 0 0 0 0 0 0
2071 0.58553 0 0 0 0 0 0 0 0
2077.4 0.55548 0 0 0 0 0 0 0 0
2083.9 0.5262 0 0 0 0 0 0 0 0
2090.3 0.49769 0 0 0 0 0 0 0 0
2096.8 0.46995 0 0 0 0 0 0 0 0
2103.2 0.44299 0 0 0 0 0 0 0 0
2109.7 0.41681 0 0 0 0 0 0 0 0
2116.1 0.3914 0 0 0 0 0 0 0 0
2122.6 0.36677 0 0 0 0 0 0 0 0
2129 0.34293 0 0 0 0 0 0 0 0
2135.5 0.31987 0 0 0 0 0 0 0 0
2141.9 0.2976 0 0 0 0 0 0 0 0
2148.4 0.27611 0 0 0 0 0 0 0 0
2154.8 0.25541 0 0 0 0 0 0 0 0
2161.3 0.23551 0 0 0 0 0 0 0 0
2167.7 0.21639 0 0 0 0 0 0 0 0
2174.2 0.19808 0 0 0 0 0 0 0 0
2180.6 0.18055 0 0 0 0 0 0 0 0
2187.1 0.16383 0 0 0 0 0 0 0 0
2193.5 0.14791 0 0 0 0 0 0 0 0
2200 0.13279 0 0 0 0 0 0 0 0
2206.5 0.11848 0 0 0 0 0 0 0 0
2212.9 0.10497 0 0 0 0 0 0 0 0
2219.4 0.092271 0 0 0 0 0 0 0 0
2225.8 0.080381 0 0 0 0 0 0 0 0
2232.3 0.069303 0 0 0 0 0 0 0 0
2238.7 0.059038 0 0 0 0 0 0 0 0
2245.2 0.049589 0 0 0 0 0 0 0 0
2251.6 0.040957 0 0 0 0 0 0 0 0
2258.1 0.033145 0 0 0 0 0 0 0 0
2264.5 0.026153 0 0 0 0 0 0 0 0
2271 0.019985 0 0 0 0 0 0 0 0
2277.4 0.014641 0 0 0 0 0 0 0 0
2283.9 0.010124 0 0 0 0 0 0 0 0
2290.3 0.0064351 0 0 0 0 0 0 0 0
2296.8 0.0035768 0 0 0 0 0 0 0 0
2303.2 0.0015506 0 0 0 0 0 0 0 0
2309.7 0.00035853 0 0 0 0 0 0 0 0
2316.1 0 0 0 0 0 0 0 0 0
2322.6 0 0 0 0 0 0 0 0 0
2329 0 0 0 0 0 0 0 0 0
2335.5 0 0 0 0 0 0 0 0 0
2341.9 0 0 0 0 0 0 0 0 0
2348.4 0 0 0 0 0 0 0 0 0
2354.8 0 0 0 0 0 0 0 0 0
2361.3 0 0 0 0 0 0 0 0 0
2367.7 0 0 0 0 0 0 0 0 0
2374.2 0 0 0 0 0 0 0 0 0
2380.6 0 0 0 0 0 0 0 0 0
2387.1 0 0 0 0 0 0 0 0 0
2393.5 0 0 0 0 0 0 0 0 0
2400 0 0 0 0 0 0 0 0 0
2406.5 0 0 0 0 0 0 0 0 0
2412.9 0 0 0 0 0 0 0 0 0
2419.4 0 0 0 0 0 0 0 0 0
2425.8 0 0 0 0 0 0 0 0 0
2432.3 0 0 0 0 0 0 0 0 0
2438.7 0 0 0 0 0 0 0 0 0
2445.2 0 0 0 0 0 0 0 0 0
2451.6 0 0 0 0 0 0 0 0 0
2458.1 0 0 0 0 0 0 0 0 0
2464.5 0 0 0 0 0 0 0 0 0
2471 0 0 0 0 0 0 0 0 0
2477.4 0 0 0 0 0 0 0 0 0
2483.9 0 0 0 0 0 0 0 0 0
2490.3 0 0 0 0 0 0 0 0 0
2496.8 0 0 0 0 0 0 0 0 0
2503.2 0 0 0 0 0 0 0 0 0
2509.7 0 0 0 0 0 0 0 0 0
2516.1 0 0 0 0 0 0 0 0 0
2522.6 0 0 0 0 0 0 0 0 0
2529 0 0 0 0 0 0 0 0 0
2535.5 0 0 0 0 0 0 0 0 0
2541.9 0 0 0 0 0 0 0 0 0
2548.4 0 0 0 0 0 0 0 0 0
2554.8 0 0 0 0 0 0 0 0 0
2561.3 0 0 0 0 0 0 0 0 0
2567.7 0 0 0 0 0 0 0 0 0
2574.2 0 0 0 0 0 0 0 0 0
