-1587.85493659 1198.44033029
-1584.84256915 1197.23345166
-1581.77181142 1196.07330964
-1579.0366264 1194.93356429
-1576.11197644 1193.80169771
-1573.23276175 1192.67775005
-1570.62806071 1191.55239124
-1567.80358607 1190.4312513
-1565.24793571 1189.30684482
-1562.45899485 1188.18401857
-1559.93859546 1187.05774732
-1557.1746361 1185.93106763
-1554.68188601 1184.80176621
-1551.9360224 1183.66992367
-1549.20229339 1182.53795784
-1546.73367677 1181.39927711
-1544.01357708 1180.26196756
-1541.56104637 1179.11845332
-1538.85198343 1177.97555445
-1536.41331954 1176.82710325
-1533.71332032 1175.67847645
-1531.28694327 1174.5251207
-1528.59440066 1173.37066714
-1526.17914856 1172.21251358
-1523.49267638 1171.05213798
-1521.08807325 1169.88952073
-1518.40613349 1168.72298125
-1515.732159 1167.55657999
-1513.33309148 1166.38331121
-1510.66396858 1165.21148998
-1508.27216741 1164.03327394
-1505.6073013 1162.85610039
-1503.22219283 1161.673028
-1500.56107575 1160.49057364
-1498.18217041 1159.30273903
-1495.52436387 1158.11507695
-1493.15124034 1156.92257567
-1490.49636169 1155.72977895
-1488.12867535 1154.53271689
-1485.47637772 1153.33485313
-1483.11383577 1152.13333824
-1480.46380169 1150.93046943
-1478.10613457 1149.72460087
-1475.45808093 1148.51678791
-1473.10509245 1147.30668324
-1470.45873684 1146.09397213
-1468.11033197 1144.87978403
-1465.46535068 1143.66218653
-1463.12148025 1142.44408279
-1460.47751706 1141.22157565
-1457.84076664 1140.00027287
-1455.49490035 1138.77229601
-1452.8598524 1137.54665201
-1450.51717712 1136.31448937
-1447.88371989 1135.08458546
-1445.54405525 1133.84829431
-1442.91209167 1132.61421099
-1440.57528173 1131.37385248
-1437.94472332 1130.1356673
-1435.61060703 1128.89129175
-1432.98137936 1127.64908252
-1430.64981923 1126.40074521
-1428.02185373 1125.15458668
-1425.69273283 1123.90234718
-1423.06596387 1122.65231017
-1420.73912975 1121.39620273
-1418.1135103 1120.14236195
-1415.78886308 1118.88244305
-1413.16434144 1117.62486646
-1410.8417706 1116.36118171
-1408.21830238 1115.09993653
-1405.89770443 1113.83253032
-1403.27524956 1112.56768193
-1400.95652729 1111.29659746
-1398.33504918 1110.02820921
-1396.01812425 1108.75349576
-1393.70972875 1107.4809404
-1391.0823573 1106.20331784
-1388.77449667 1104.92657339
-1386.14913126 1103.64617225
-1383.84215914 1102.36553983
-1381.21834878 1101.0821604
-1378.91233714 1099.79775582
-1376.28990472 1098.51137316
-1373.98487678 1097.22328139
-1371.36370417 1095.93390094
-1369.05968621 1094.64220568
-1366.43966988 1093.34983866
-1364.13664523 1092.05459866
-1361.51771387 1090.75927019
-1359.21570337 1089.46056222
-1356.59777751 1088.16229122
-1354.29674872 1086.86016165
-1351.67977699 1085.55897888
-1349.37970177 1084.25347412
-1346.76363844 1082.9494111
-1344.46452131 1081.64059378
-1341.84931294 1080.33367628
-1339.55111953 1079.02158599
-1336.93672829 1077.71184569
-1334.63944268 1076.39653049
-1332.02582978 1075.08399683
-1329.72944704 1073.76550961
-1327.44023615 1072.44901391
-1324.82105821 1071.12858524
-1322.53115374 1069.8081359
-1319.91422852 1068.48583051
-1317.62434924 1067.16187138
-1315.00890883 1065.83731496
-1312.71929724 1064.51002292
-1310.10505177 1063.1831062
-1307.81582898 1061.8525927
-1305.20261188 1060.5232702
-1302.91384693 1059.18961823
-1300.30154563 1057.85787134
-1298.01329501 1056.52115705
-1295.40182096 1055.18697844
-1293.11410568 1053.84725767
-1290.50339412 1052.51065105
-1288.21621422 1051.16796676
-1285.93455556 1049.8266306
-1283.31960573 1048.4833573
-1281.03745936 1047.13856494
-1278.42421615 1045.79347207
-1276.14201466 1044.44549692
-1273.53002018 1043.09837369
-1271.24794229 1041.74735131
-1268.63697672 1040.39811376
-1266.35512392 1039.0441377
-1263.74504973 1037.69274463
-1261.46349864 1036.33589519
-1259.18938898 1034.98165606
-1256.57300228 1033.62265874
-1254.29672341 1032.26417934
-1251.68359954 1030.90447763
-1249.40675223 1029.54273562
-1246.7952442 1028.18139293
-1244.51821005 1026.81663074
-1241.90789903 1025.45344877
-1239.63087599 1024.08580933
-1237.0215406 1022.72069606
-1234.74462848 1021.35026809
-1232.47500498 1019.9825022
-1229.85940994 1018.61003739
-1227.58734608 1017.23805007
-1224.97517357 1015.86515212
-1222.70241008 1014.49000459
-1220.0918706 1013.11564387
-1217.81882809 1011.73759924
-1215.20947408 1010.36155544
-1212.93633794 1008.98074712
-1210.32794732 1007.60292231
-1208.05483959 1006.2194494
-1205.78688849 1004.83749716
-1203.17425564 1003.45371762
-1200.9051208 1002.06846333
-1198.29455747 1000.68359031
-1196.02490527 999.295433504
-1193.41569407 997.909091105
-1191.14579156 996.51820879
-1188.53762934 995.130250467
-1186.26763463 993.736760078
-1184.00276982 992.344859147
-1181.39035264 990.951092105
-1179.12411012 989.555895522
-1176.51389203 988.161224102
-1174.24704775 986.763194035
-1171.63821326 985.367182
-1169.37104933 983.966503289
-1166.76327503 982.568988875
-1164.49595666 981.16578189
-1162.23316373 979.763896294
-1159.62168362 978.361027576
-1157.35772223 976.956071339
-1154.74817513 975.552254348
-1152.48362925 974.144581323
-1149.87538124 972.739477232
-1147.61052915 971.329271127
-1145.35141947 969.921144699
-1142.73825575 968.510089975
-1140.47697458 967.098392466
-1137.86673732 965.687039371
-1135.60459538 964.272545059
-1132.99592372 962.860132143
-1130.73331003 961.443086208
-1128.12577794 960.029387678
-1125.86288735 958.609926018
-1123.60405081 957.191634928
-1120.99322044 955.773043538
-1118.73322599 954.351857697
-1116.12423502 952.932434399
-1113.86364169 951.508696076
-1111.25590239 950.088120839
-1108.99494738 948.661989703
-1106.73818348 947.23715664
-1104.12699512 945.811690846
-1101.86889876 944.383930778
-1099.25972696 942.957803403
-1097.00092107 941.527494778
-1094.39307934 940.100325866
-1092.13385351 938.667658652
-1089.87876304 937.236303073
-1087.26751984 935.804356103
-1085.01103365 934.370100655
-1082.40185362 932.937583867
-1080.14461906 931.50082192
-1077.53678742 930.067335883
-1075.27910038 928.628261146
-1073.02531491 927.19040499
-1070.41430768 925.752353934
-1068.15917229 924.311684419
-1065.55014419 922.873075801
-1063.29428861 921.429978231
-1061.04527182 919.989987968
-1058.4302526 918.545081996
-1056.17745485 917.100762523
-1053.56691127 915.656938418
-1051.31293889 914.209965706
-1048.70418214 912.765529958
-1046.44952873 911.316211222
-1044.19975983 909.868761672
-1041.5869204 908.419354256
-1039.33493828 906.968681561
-1036.7249618 905.519335041
-1034.4719938 904.066175777
-1031.86359242 902.616147542
-1029.61001341 901.160741122
-1027.36025796 899.706615048
-1024.74874905 898.252260805
-1022.49747468 896.795371861
-1019.88810655 895.340707935
-1017.63601761 893.881488034
-1015.38929043 892.424493912
-1012.77538667 890.964699209
-1010.52589873 889.5042388
-1007.91542824 888.044942716
-1005.66480052 886.581993618
-1003.05603633 885.122181412
-1000.80472418 883.657031293
-998.55715039 882.193173342
-995.945391175 880.729215609
-993.696236787 879.26264302
-991.08665757 877.798486148
-988.836647892 876.329644908
-986.591279672 874.862659956
-983.977869615 873.393901889
-981.730169887 871.923788494
-979.119743155 870.455345081
-976.87098483 868.982874848
-974.26218031 867.51394671
-972.01273317 866.039356999
-969.766510405 864.565807669
-967.155183025 863.093122044
-964.907627838 861.617084156
-962.298210185 860.144119009
-960.049857148 858.665927835
-957.805123783 857.189038067
-955.192847192 855.712154712
-952.94645968 854.232615466
-950.336440982 852.755693446
-948.08913649 851.273960195
-945.845942217 849.793846027
-943.232639685 848.312790421
-940.987354617 846.829794843
-938.376763485 845.349003968
-936.13044414 843.863773615
-933.888837725 842.38054984
-931.274432932 840.89534265
-929.030217408 839.408953294
-926.419081477 837.924379689
-924.17370477 836.43570846
-921.93382813 834.949556599
-919.3181524 833.460149132
-917.074916668 831.970390872
-914.463293197 830.482136265
-912.218784978 828.990057213
-909.608992395 827.501607928
-907.363685742 826.007510169
-905.121349058 824.514411178
-902.509304257 823.022581287
-900.2655997 821.52713127
-897.655491252 820.035199013
-895.41094518 818.537731751
-893.169413852 817.041309984
-890.557027995 815.546017485
-888.31405881 814.047228894
-885.703686643 812.551908658
-883.459857377 811.051119234
-881.219048795 809.551397622
-878.606398902 808.052752231
-876.364107648 806.550662583
-873.753518862 805.052045132
-871.5103459 803.547967938
-869.270152752 802.044951688
-866.65733306 800.543071784
-864.415665162 799.037718153
-861.804909265 797.535894217
-859.562333422 796.028562334
-857.32267495 794.522271064
-854.709766367 793.017266029
-852.468650165 791.508672521
-849.857780885 790.003733819
-847.61577179 788.493197482
-845.37654505 786.983635052
-842.763630102 785.475613725
-840.52299856 783.963805295
-838.28779727 782.454629541
-835.670570285 780.942132072
-833.43173505 779.429339405
-830.818867072 777.918392197
-828.578685047 776.403413061
-826.343083955 774.890545224
-823.726697472 773.375657365
-821.488174823 771.859649258
-818.87541333 770.345868544
-816.63563718 768.827755356
-814.3998061 767.311377813
-811.784088842 765.794034533
-809.545852567 764.274857522
-806.933227845 762.758317159
-804.693813887 761.237105239
-802.457836327 759.717331994
-799.842697853 758.197530712
-797.604691327 756.675210105
-794.99224039 755.155986258
-792.753153835 753.631714864
-790.517109485 752.108654474
-787.90247631 750.586404292
-785.66468449 749.060991
-783.052420103 747.539144254
-780.81362513 746.011850965
-778.577542382 744.485578769
-775.963373845 742.960907574
-773.725786355 741.432454331
-771.49281488 739.906216873
-768.875195357 738.37777421
-766.639091025 736.848357494
-764.025351565 735.321295125
-761.787944137 733.789844483
-759.554117362 732.259979775
-756.93781615 730.729729307
-754.701720612 729.197243535
-752.08837278 727.66781756
-749.851122652 726.13341215
-747.616836503 724.600224349
-745.001436172 723.067954179
-742.765373635 721.532470431
-740.152388725 720.000712325
-737.915302747 718.463413954
-735.68073885 716.927069868
-733.066036487 715.392704967
-730.830019717 713.854287008
-728.597852415 712.317662516
-725.980428545 710.78007954
-723.745692257 709.240698422
-721.131570627 707.704215085
-718.895595383 706.162914857
-716.662607555 704.622884622
-714.046461832 703.08364497
-711.811600392 701.541309482
-709.197986765 700.002709783
-706.96206306 698.458588394
-704.728611525 696.915426575
-702.113361962 695.374341466
-699.87843468 693.829143259
-697.64713821 692.285641079
-695.029406305 690.741555313
-692.7956518 689.195414433
-690.181105917 687.652411712
-687.946138315 686.104420883
-685.713920087 684.557586829
-683.09756197 683.012029467
-680.863601307 681.463022709
-678.634251082 679.916356171
-676.014653762 678.367358212
-673.7819215 676.817498113
-671.166505307 675.270247844
-668.9324086 673.71847331
-666.701372912 672.168074243
-664.083949565 670.618188747
-661.85087334 669.065460966
-659.236194202 667.516435807
-657.001996748 665.961969493
-654.770192055 664.408469193
-652.153986097 662.857138832
-649.920674417 661.301665255
-647.69072132 659.747776947
-645.072323003 658.193736694
-642.84003211 656.637363683
-640.224715455 655.084429471
-637.991224955 653.526299582
-635.760225955 651.969220335
-633.143340832 650.413996786
-630.910718292 648.854901931
-628.681679047 647.297556964
-626.062470442 645.739582547
-623.830851522 644.179630949
-621.214997022 642.622968299
-618.98212236 641.061255988
-616.75178178 639.50064333
-614.134356635 637.941732725
-611.902319707 636.37908999
-609.6739841 634.818295457
-607.054188335 633.256646763
-604.823132445 631.693187684
-602.206842237 630.132980925
-599.974498323 628.567773261
-597.744692468 627.00369018
-595.126857878 625.441296348
-592.895321667 623.875194332
-590.66741798 622.31092019
-588.047299538 620.745886691
-585.816688945 619.178987941
-583.2000662 617.615424878
-580.968163467 616.046808618
-578.738717565 614.479287373
-576.120628477 612.913631908
-573.889495747 611.34415341
-571.66177264 609.776384922
-569.041584152 608.208252217
-566.811321418 606.637998439
-564.194459965 605.071264841
-561.962920188 603.499338584
-559.733709365 601.928447955
-557.115483273 600.359733846
-554.884651322 598.786962732
-552.656944937 597.215745464
-550.036852742 595.644749696
-547.806822755 594.071218673
-545.189811947 592.501502019
-542.95855769 590.926370153
-540.729492092 589.352207122
-538.11121685 587.780624136
-535.880612463 586.204670545
-533.65280188 584.630083609
-531.032905252 583.056424384
-528.80303084 581.479725997
-526.57742445 579.905348454
-523.95488092 578.328973431
-521.725841327 576.751622343
-519.107599207 575.177362542
-516.877140528 573.598337817
-514.64915006 572.020496265
-512.02950325 570.444351693
-509.799697868 568.864597379
-507.57328851 567.286629951
-504.951652695 565.708248563
-502.722571012 564.12783651
-500.104404555 562.551075168
-497.874020687 560.969108174
-495.64583123 559.388174106
-493.026434015 557.809697015
-490.7966239 556.227017686
-488.569592307 554.645757772
-485.948633395 553.065374321
-483.719463962 551.482054662
-481.49447606 549.901067661
-478.87101136 548.318192393
-476.642580118 546.734324531
-474.0234308 545.153676233
-471.793546122 543.568217738
-469.566006387 541.983928794
-466.945573233 540.401615098
-464.716248205 538.815540062
-462.489977607 537.231101913
-459.86783322 535.646873883
-457.63911642 534.060244757
-455.415633787 532.476727334
-452.790187092 530.889524168
-450.562201182 529.302452786
-447.942186955 527.718321791
-445.712635367 526.129657645
-443.485545377 524.542281953
-440.864205598 522.956554312
-438.63517877 521.367367782
-436.409420525 519.780000883
-433.786265895 518.192390936
-431.557809955 516.602746504
-428.938148673 515.016951159
-426.70833867 513.425910553
-424.480575137 511.835923199
-421.859810895 510.248752977
-419.63041923 508.657213031
-417.40351196 507.067024154
-414.781420285 505.478364303
-412.552487183 503.88638968
-410.326883015 502.296324237
-407.702970482 500.705889768
-405.4745682 499.113567798
-402.854249065 497.525092571
-400.62444496 495.931431853
-398.396668442 494.338864646
-395.775268455 492.7491481
-393.54583532 491.155102172
-391.318851032 489.562438794
-388.696148958 487.971373157
-386.467118785 486.377006754
-384.24133632 484.784553931
-381.616872965 483.191880953
-379.388292415 481.597269851
-376.76738811 480.006624057
-374.53740792 478.410779093
-372.309375577 476.816034501
-369.687420657 475.224304676
-367.457734093 473.628189446
-365.230395342 472.0334532
-362.607193795 470.440553146
-360.377839253 468.844243844
-358.15152795 467.249780909
-355.526692025 465.655504071
-353.297705275 464.059076367
-351.073623655 462.465754144
-348.445873975 460.869279451
-346.217356153 459.272854241
-343.59489409 457.67969715
-341.364733367 456.082032908
-339.13677776 454.485725854
-336.51313399 452.891606702
-334.28323267 451.293901489
-332.056123332 449.697954343
-329.430970585 448.102712777
-327.201352637 446.505043052
-324.975814382 444.909989504
-322.348349797 443.313153578
-320.119081938 441.715626247
-317.496122053 440.121692832
-315.26524654 438.523095077
-313.036435995 436.925845442
-310.412340263 435.331174336
-308.18161721 433.732698479
-305.953443953 432.135910046
-303.32796883 430.54040214
-301.097446947 428.942152049
-298.870424993 427.346228374
-296.242993462 425.749572875
-294.012720398 424.151653975
-291.389226545 422.557673941
-289.157367583 420.958869734
-286.927407607 419.36140027
-284.302823858 417.766939884
-282.071025517 416.168470895
-279.841559015 414.571647627
-277.215661357 412.976631072
-274.983957852 411.378604045
-272.755333498 409.782734629
-270.127693223 408.186958072
-267.89612158 406.589484182
-265.670143428 404.996086625
-263.038863543 403.398134542
-260.80750987 401.801360708
-258.182319845 400.207957834
-255.949139088 398.610401813
-253.718105512 397.014487513
-251.091643047 395.42083505
-248.858449412 393.823986215
-246.628034165 392.229221349
-243.99993315 390.635168984
-241.7667529 389.03914665
-239.537984005 387.446313736
-236.907131032 385.851215742
-234.674033388 384.256171895
-232.048094428 382.66481865
-229.81317032 381.069240257
-227.58028618 379.475370413
-224.953057602 377.884086761
-222.718001735 376.289533049
-220.485574747 374.697108516
-217.856717227 373.105776472
-215.621566275 371.51239194
-213.39044146 369.922083832
-210.759007353 368.330192071
-208.523826368 366.738144491
-205.896923197 365.149979294
-203.659870618 363.557659983
-201.424781837 361.96715881
-198.796527192 360.379412274
-196.55921611 358.788499976
-194.324505013 357.199863368
-191.69451982 355.612410839
-189.456997918 354.023078827
-187.223663118 352.437100827
-184.590821935 350.849332662
-182.35315783 349.261772654
-179.72500317 347.678115169
-177.485355917 346.090554588
-175.247691625 344.50501101
-172.618055115 342.922146522
-170.378028138 341.336461599
-168.140755345 339.753343708
-165.509137992 338.171093449
-163.26878262 336.587484134
-160.640391037 335.008629667
-158.39816022 333.425377649
-156.157582325 331.844085275
-153.52778725 330.266457256
-151.285028607 328.685441174
-149.044469102 327.106798925
-146.41290978 325.530323725
-144.16965539 323.951751632
-141.929880702 322.376434309
-139.29564471 320.800695225
-137.051971863 319.224811495
-134.421657865 317.653283601
-132.1758777 316.078061338
-129.931990337 314.505198241
-127.299958143 312.935302344
-125.053523125 311.362956179
-122.809951755 309.793658033
-120.175508705 308.225140412
-117.928500228 306.655941291
-115.297334015 305.091530507
-113.048207252 303.523365205
-110.800809105 301.957656685
-108.167862468 300.39534346
-105.917922745 298.830551625
-103.670678407 297.268909439
-101.035243197 295.708454727
-98.784587775 294.147343477
-96.152222225 292.591208604
-93.8993587975 291.031497356
-91.648218305 289.474465731
-89.0139026525 287.920887135
-86.76008356 286.365128053
-84.5091674125 284.812879874
-81.8719941625 283.261521105
-79.6173582675 281.710075301
-76.983392925 280.1635071
-74.7263678325 278.613818192
-72.4712223925 277.067158553
-69.8350024 275.523587531
-67.5769109725 273.978526851
-65.3228248525 272.437928515
-62.6825680525 270.89649636
-60.42361528 269.35649505
-57.7875445475 267.820899079
-55.5259395525 266.283015572
-53.2667953075 264.748797903
-50.627778225 263.216476653
-48.3650594675 261.684019393
-45.728721105 260.156876013
-43.4634619725 258.626964019
-41.2000672875 257.100535613
-38.5610705275 255.577321419
-36.29447709 254.053256322
-33.65757486 252.535168367
-31.38847971 251.01405296
-29.1209362825 249.496426934
-26.481442005 247.982817329
-24.210835595 246.46803287
-21.944455545 244.95851462
-19.299970605 243.448228122
-17.02823186 241.940384881
-14.387856825 240.437014872
-12.11305327 238.932430532
-9.8420732575 237.433061012
-7.1968538125 235.933686186
-4.920783285 234.436610284
-2.2791935375 232.944200061
0.0 231.450790706
2.2749624875 229.963075496
4.92204215 228.474858945
7.20254956 226.98961433
9.8457213125 225.508921356
12.1295128175 224.027713527
14.771247045 222.553192877
17.0578900225 221.076476217
19.34285788 219.604235302
21.9880938675 218.136007923
24.276655845 216.668111331
26.920334015 215.206542529
29.2119572925 213.743509345
31.501145125 212.28565446
34.1492282775 210.830525511
36.4426459725 209.377160209
39.088724705 207.929385322
41.3854937825 206.481234752
44.030605825 205.040378839
46.330429835 203.597834943
48.62848877 202.160449048
51.27776571 200.727172945
53.579721925 199.295232415
56.22767024 197.869551703
58.533019355 196.443572133
61.1802923975 195.025292402
63.4888287275 193.605622122
65.7955107225 192.191552714
68.447381195 190.781666921
70.758115845 189.37375782
73.4088408425 187.972035917
75.7231686975 186.570782603
78.37335363 185.177074462
80.69107171 183.782831391
83.00562012 182.395328694
85.6620589975 181.010209072
87.981544205 179.629212701
90.636284315 178.253271513
92.959779665 176.879542077
95.6138923775 175.512384392
97.94108844 174.146340065
100.594990148 172.787940296
102.925785387 171.429885479
105.579705697 170.080323354
107.914047548 168.730536829
110.245304255 167.388074024
112.906010257 166.048679869
115.242015858 164.714207121
117.901799753 163.384708665
120.241958858 162.058800359
122.901534812 160.739023892
125.245639432 159.422044223
127.905329772 158.112030543
130.253290572 156.804280032
132.913296305 155.504136319
135.265061445 154.205895195
137.92553428 152.915756346
140.281086173 151.627285869
142.942146612 150.347304138
145.301471843 149.068862363
147.96322702 147.799197745
150.32634195 146.531025317
152.988882538 145.271846234
155.355794365 144.01418682
158.019208355 142.765662904
160.389929848 141.518754952
163.054301953 140.28105675
165.428832403 139.045142999
168.094251558 137.818437962
170.472574187 136.593766088
173.139138197 135.378215973
175.521245138 134.165024942
178.18905566 132.96078762
180.574906735 131.75932793
183.244084763 130.566549891
185.633611878 129.377080086
188.304306273 128.195892219
190.697346287 127.018709747
193.369776353 125.849208144
195.766051353 124.6846547
198.440561847 123.526876119
200.839317768 122.375499653
203.516706498 121.229275155
206.188480368 120.091919457
208.598225188 118.956786067
211.271728102 117.831765048
213.685083198 116.709799017
216.360535997 115.597188489
218.777170455 114.488721626
221.454938248 113.388530262
223.873928845 112.294136254
226.55490865 111.206143718
229.23114268 110.126859901
231.660371423 109.050386793
234.338727583 107.983997708
236.771109688 106.921657835
239.452034683 105.868116994
241.886233822 104.820607756
244.570985348 103.779535004
247.25093301 102.747329841
249.69533694 101.718616909
252.377808338 100.699606573
254.82437955 99.6858880885
257.51036571 98.6797877465
260.192470095 97.6822403906
262.648300785 96.6882121308
265.333068873 95.7040760548
267.790573532 94.7254734032
270.479274468 93.754344239
273.163987275 92.791856091
275.630584412 91.8334032252
278.318322128 90.8843991094
280.784231297 89.9424140634
283.478016728 89.0058342357
286.16583575 88.0786530502
288.641875192 87.1567088819
291.333696885 86.242802581
294.022025045 85.3373579605
296.506156433 84.4363461969
299.197953733 83.544439145
301.887034572 82.6606888567
304.378601852 81.7809322656
307.070938635 80.9108396868
309.760940118 80.0487413291
312.25954114 79.1904193391
314.952726555 78.3420225381
317.64377689 77.5015180178
320.14908317 76.6647346903
322.843337485 75.8379180539
325.535543908 75.018925392
328.047203577 74.2037450656
330.74272674 73.3983709201
333.43619124 72.6007782191
335.95379937 71.8072355476
338.65080927 71.0231310988
341.345637778 70.2467931998
343.868631107 69.4749261014
346.56743723 68.7118618027
349.263757028 67.9565952938
351.791116038 67.2065302079
354.492356665 66.4641544126
357.190352575 65.7297282649
359.886733995 65.002700265
362.425159275 64.2795423826
365.125154565 63.565657227
367.82317765 62.8591994351
370.36491585 62.1576014738
373.06772861 61.4637977143
375.767646508 60.777593771
378.46604901 60.0985404513
381.017292995 59.4235636619
383.719681802 58.7571870247
386.419944902 58.098034318
388.970443088 57.4449393269
391.678408 56.797305597
394.3810752 56.1576068516
397.081921068 55.5248866059
399.640727715 54.8977284388
402.348441995 54.2765106361
405.051748975 53.6627979524
407.753338982 53.0558689261
410.31745218 52.4547553052
413.027090895 51.8587931457
415.731350075 51.2703545636
418.433830277 50.6885387824
421.135161965 50.1131475446
423.71372254 49.5416656313
426.419371727 48.9777324061
429.122918405 48.4203079946
431.825227833 47.8691581649
434.406754475 47.3226802229
437.115027173 46.7822987895
439.819953965 46.2484854454
442.523395102 45.7208194667
445.225786618 45.1991488566
447.81677633 44.6814361388
450.524017368 44.1703224504
453.228892533 43.6653234325
455.932492858 43.166198691
458.635107113 42.6728092726
461.23313817 42.1831692661
463.94054348 41.6998800972
466.645717063 41.2224325493
469.349657312 40.7506192437
472.052616178 40.2842994665
474.65516042 39.8219744184
477.363855125 39.3651026148
480.069657995 38.9139219861
482.774129108 38.4681658589
485.47757723 38.0276889481
488.180115467 37.592341683
490.79245823 37.1601791583
493.499576593 36.7339147275
496.204869495 36.3129150739
498.909015233 35.8970208469
501.61218576 35.4860757435
504.31446462 35.0799245756
506.933381582 34.676726441
509.64032689 34.2790797389
512.345546052 33.8864231491
515.04962791 33.4985960947
517.752725648 33.1154302101
520.454921905 32.7367647424
523.076728538 32.3613722114
525.784914133 31.9903858952
528.490512203 31.6242214081
531.194846813 31.2626785936
533.89813486 30.9055745522
536.600477965 30.5527348461
539.301948843 30.2040058881
541.930277377 29.8582019751
544.637732238 29.5165401984
547.342878413 29.1794067321
550.046775342 28.8465998238
552.749614608 28.5179145826
555.451501455 28.1931699018
558.152514407 27.8722132759
560.852716683 27.5549152709
563.490260198 27.2398145883
566.19581702 26.9292380281
568.899831045 26.6228291452
571.602673227 26.3203486397
574.304490548 26.0215841169
577.005384913 25.7263650587
579.705434927 25.4345529597
582.404703695 25.1460321167
585.045375222 24.8597459045
587.750994335 24.5771069062
590.454686205 24.2984558232
593.157094243 24.0235000712
595.858413315 23.7519911079
598.558772125 23.4837425433
601.258265818 23.2186105565
603.956968038 22.956479325
606.654937697 22.6972520736
609.298356038 22.440255105
612.00408989 22.1860586906
614.707193432 21.9357048783
617.408874387 21.6888073037
620.109394525 21.4450699591
622.808918005 21.2042896107
625.507560138 20.9663185485
628.205406545 20.7310425722
630.902523515 20.4983689545
633.598964105 20.2682195414
636.294771933 20.0405265631
638.94900632 19.8143342947
641.651680727 19.5919018358
644.352634435 19.3727831816
647.05228601 19.1565829101
649.750868243 18.9430600485
652.448532308 18.7320539363
655.145384073 18.523447496
657.84150192 18.3171495418
660.536946458 18.1130854922
663.231766148 17.9111920852
665.926000795 17.7114141656
668.619683837 17.5137026215
671.280078222 17.3173580928
673.981105125 17.12473854
676.680330057 16.9350510294
679.378236157 16.7478874719
682.075086567 16.5630221342
684.77104502 16.3803105141
687.466222757 16.1996497659
690.160700355 16.0209610262
692.854539058 15.8441804863
695.547787173 15.6692544367
698.24048395 15.4961363066
700.93266205 15.324784789
703.624349183 15.1551625965
706.279544443 14.9870150686
708.982426935 14.8207897626
711.68137735 14.6579546793
714.37847046 14.4976113577
717.074255435 14.3393809857
719.769016567 14.1830657528
722.462924905 14.0285422056
725.156094067 13.8757238567
727.848604957 13.7245451173
730.540518242 13.5749533473
733.23188124 13.4269045014
735.92273202 13.2803605539
738.613102007 13.135287882
741.30301766 12.9916562003
743.992501662 12.8494378297
746.681573725 12.7086071792
749.370251198 12.5691403667
752.03575067 12.4306884776
754.734420165 12.2954398493
757.430242087 12.1627523954
760.124405943 12.0319752946
762.817393708 11.9028470905
765.50945847 11.7752265761
768.200754055 11.6490236158
770.891383275 11.5241741584
773.581419562 11.4006291802
776.270918037 11.2783490894
778.959921668 11.1573006107
781.64846501 11.0374549192
784.33657651 10.9187864582
787.0242801 10.8012721541
789.711596227 10.6848908756
792.398542645 10.569623048
795.085134935 10.4554503713
797.771386933 10.3423556089
800.457311028 10.2303224256
803.14291842 10.1193352613
805.828219285 10.0093792314
808.503182395 9.9011127586
811.197863778 9.79610254203
813.890147072 9.69287906895
816.580983957 9.59105237087
819.27078117 9.49045282728
821.959758767 9.39098473704
824.648052833 9.29258547505
827.335755198 9.19520986878
830.022931805 9.09882301815
832.709632272 9.00339656522
835.395895298 8.90890657669
838.081751967 8.81533225776
840.76722784 8.72265512828
843.45234436 8.63085847141
846.137119817 8.53992695131
848.821570032 8.44984633963
851.50570887 8.36060331472
854.189548595 8.27218531084
856.873100173 8.18458040253
859.556373475 8.09777721442
862.239377463 8.01176484976
864.922120323 7.92653283288
867.60460957 7.84207106236
870.286852147 7.75836977241
872.96885449 7.67541950067
875.650622595 7.59321106107
878.332162073 7.51173552087
881.01084888 7.43227786492
883.702561498 7.35591177475
886.391583857 7.28092039799
889.079104915 7.20695602721
891.765591667 7.13387880765
894.45128633 7.06161305409
897.136334557 6.99011065996
899.820832565 6.91933769919
902.50484824 6.84926843364
905.18843188 6.77988225881
907.871622167 6.7111619953
910.554449798 6.64309286338
913.236939695 6.57566183277
915.919112558 6.50885719153
918.600985852 6.4426682495
921.282574553 6.37708512781
923.963891645 6.31209860553
926.644948543 6.24770000525
929.325755348 6.18388110609
932.006321107 6.12063407617
934.686653975 6.05795141956
937.366761338 5.99582593381
940.04664995 5.93425067566
942.726326013 5.87321893287
945.405795245 5.81272420095
948.085062953 5.75276016371
950.76413407 5.69332067676
953.443013217 5.63439975354
956.121704718 5.5759915533
958.80021264 5.51809037069
961.478540823 5.46069062671
964.156692905 5.40378686077
966.834672322 5.3473737237
969.512482355 5.29144597154
972.190126122 5.23599845998
974.867606595 5.1810261394
977.544926623 5.12652405041
980.222088932 5.07248731979
982.899096132 5.01891115681
985.578791165 4.96728813402
988.267455635 4.9190054312
990.952690713 4.87173141594
993.636257113 4.82513796067
996.318747595 4.77911185945
999.000449335 4.73359611047
1001.68152795 4.68855615395
1004.36208964 4.64396846684
1007.04220756 4.5998157028
1009.72193485 4.55608429604
1012.40131168 4.51276315348
1015.08036941 4.46984288482
1017.75913316 4.42731532197
1020.43762348 4.38517320468
1023.11585751 4.34340996679
1025.79384973 4.30201958615
1028.4716126 4.26099647629
1031.14915691 4.22033540637
1033.82649213 4.18003144079
1036.50362666 4.14007989279
1039.18056798 4.10047628818
1041.85732281 4.06121633665
1044.53389725 4.02229590867
1047.21029684 3.98371101679
1049.88652667 3.94545780023
1052.56259141 3.90753251208
1055.23849537 3.86993150859
1057.91424257 3.83265124017
1060.58983673 3.79568824362
1063.26528137 3.75903913556
1065.94057974 3.7227006067
1068.61573494 3.68666941684
1071.29074987 3.65094239056
1073.96562728 3.61551641335
1076.64036979 3.58038842821
1079.31497987 3.54555543265
1081.98945989 3.51101447594
1084.6638121 3.47676265674
1087.33803864 3.44279712084
1090.01214159 3.40911505921
1092.68612293 3.37571370616
1095.35998455 3.34259033768
1098.03372827 3.30974226995
1100.70735587 3.2771668579
1103.38086903 3.24486149394
1106.05426939 3.21282360675
1108.72755854 3.18105066016
1111.40073801 3.14954015214
1114.07380928 3.11828961379
1116.74677379 3.08729660845
1119.41963294 3.05655873086
1122.09238807 3.02607360632
1124.76504051 2.99583888997
1127.43759153 2.96585226604
1130.11004238 2.93611144719
1132.78239427 2.90661417385
1135.45464839 2.87735821364
1138.12680589 2.84834136072
1140.79886788 2.81956143531
1143.47083547 2.7910162831
1146.14270973 2.76270377477
1148.8144917 2.73462180548
1151.48618242 2.70676829442
1154.15778288 2.67914118435
1156.82929405 2.65173844118
1159.5007169 2.62455805351
1162.17205238 2.59759803229
1164.84330138 2.57085641039
1167.51446483 2.54433124223
1170.18554361 2.51802060343
1172.86189685 2.49293780471
1175.54774122 2.47224435687
1178.22814 2.4521862032
1180.90651481 2.43246122592
1183.58370808 2.41299351094
1186.26008699 2.39374897229
1188.93585126 2.37470833568
1191.61112403 2.35585913791
1194.28598772 2.3371925612
1196.96050078 2.3187019469
1199.63470653 2.3003820122
1202.30863821 2.28222840131
1204.98232198 2.26423741116
1207.65577896 2.24640581519
1210.32902649 2.22873074522
1213.00207904 2.2112096096
1215.67494887 2.19384003489
1218.34764647 2.17661982311
1221.02018094 2.15954691984
1223.69256025 2.14261938997
1226.36479138 2.12583539885
1229.03688059 2.10919319758
1231.70883344 2.09269111115
1234.38065494 2.07632752907
1237.05234965 2.06010089755
1239.72392171 2.04400971318
1242.39537489 2.02805251765
1245.06671266 2.0122278933
1247.73793824 1.99653445939
1250.40905459 1.98097086892
1253.08006448 1.96553580589
1255.75097048 1.95022798294
1258.42177498 1.93504613934
1261.09248025 1.91998903916
1263.76308841 1.90505546974
1266.43360146 1.89024424032
1269.10402128 1.87555418075
1271.77434967 1.86098414048
1274.44458832 1.84653298752
1277.11473887 1.83219960761
1279.78480282 1.81798290338
1282.45478167 1.8038817937
1285.12467681 1.78989521296
1287.79448959 1.77602211049
1290.4642213 1.76226145006
1293.13387316 1.74861220933
1295.80344638 1.73507337939
1298.4729421 1.72164396439
1301.14236142 1.70832298105
1303.8117054 1.69510945838
1306.48097508 1.6820024373
1309.15017144 1.6690009703
1311.81929546 1.65610412119
1314.48834806 1.64331096475
1317.15733014 1.63062058655
1319.82624259 1.61803208262
1322.49508625 1.60554455924
1325.16386196 1.59315713276
1327.83257052 1.5808689293
1330.5012127 1.56867908465
1333.16978928 1.55658674397
1335.838301 1.5445910617
1338.50674858 1.53269120133
1341.17513274 1.52088633524
1343.84345415 1.50917564457
1346.5117135 1.49755831901
1349.17991144 1.48603355669
1351.84804863 1.47460056406
1354.51612568 1.46325855569
1357.18414322 1.45200675418
1359.85210186 1.44084439002
1362.52000217 1.42977070148
1365.18784475 1.41878493446
1367.85563016 1.40788634241
1370.52335895 1.39707418619
1373.19103168 1.38634773398
1375.85864888 1.37570626115
1378.52621108 1.3651490502
1381.1937188 1.35467539061
1383.86117253 1.34428457878
1386.52857278 1.33397591792
1389.19592005 1.32374871795
1391.86321481 1.31360229543
1394.53045754 1.30353597347
1397.1976487 1.29354908161
1399.86478875 1.28364095581
1402.53187814 1.27381093827
1405.19891732 1.26405837744
1407.86590673 1.25438262788
1410.53284679 1.24478305024
1413.19973793 1.23525901112
1415.86658057 1.22580988305
1418.53337511 1.2164350444
1421.20012197 1.20713387931
1423.86682155 1.1979057776
1426.53347423 1.18875013475
1429.2000804 1.1796663518
